ID 0
v 0 6
v 1 6
v 2 6
v 3 6
v 4 6
v 5 6
v 6 6
v 7 6
v 8 8
v 9 14
v 10 6
v 11 6
v 12 6
v 13 6
v 14 6
v 15 6
v 16 6
v 17 6
v 18 9
v 19 9
v 20 9
v 21 9
v 22 9
e 0 1 0
e 1 2 0
e 2 3 0
e 3 4 0
e 4 5 0
e 5 6 0
e 7 2 0
e 6 7 0
e 7 8 0
e 8 9 0
e 9 10 0
e 9 11 0
e 9 12 0
e 12 13 0
e 13 14 0
e 14 15 0
e 15 16 0
e 17 12 0
e 16 17 0
e 17 18 0
e 16 19 0
e 15 20 0
e 14 21 0
e 13 22 0
ID 1
v 0 6
v 1 6
v 2 6
v 3 7
v 4 6
v 5 6
v 6 6
v 7 6
v 8 6
v 9 6
v 10 16
v 11 6
v 12 6
v 13 6
v 14 6
v 15 6
v 16 6
e 0 1 0
e 1 2 0
e 2 3 0
e 3 4 0
e 5 0 0
e 4 5 0
e 3 6 0
e 6 7 0
e 7 8 0
e 8 9 0
e 9 10 0
e 10 11 0
e 11 12 0
e 12 13 0
e 13 14 0
e 14 15 0
e 16 6 0
e 16 11 0
e 15 16 0
ID 2
v 0 6
v 1 6
v 2 7
v 3 8
v 4 7
v 5 6
v 6 6
v 7 6
v 8 6
v 9 6
v 10 6
v 11 6
v 12 6
v 13 8
v 14 6
v 15 8
v 16 8
e 0 1 0
e 1 2 0
e 2 3 0
e 3 4 0
e 5 1 0
e 4 5 0
e 5 6 0
e 6 7 0
e 7 8 0
e 8 9 0
e 9 10 0
e 10 11 0
e 12 7 0
e 11 12 0
e 10 13 0
e 13 14 0
e 6 15 0
e 2 16 0
ID 3
v 0 6
v 1 6
v 2 6
v 3 6
v 4 6
v 5 6
v 6 6
v 7 7
v 8 6
v 9 8
v 10 6
v 11 6
v 12 6
v 13 8
v 14 6
v 15 6
v 16 6
v 17 6
v 18 6
v 19 6
e 0 1 0
e 1 2 0
e 2 3 0
e 3 4 0
e 4 5 0
e 6 1 0
e 5 6 0
e 3 7 0
e 7 8 0
e 8 9 0
e 8 10 0
e 10 11 0
e 10 12 0
e 12 13 0
e 12 14 0
e 14 15 0
e 15 16 0
e 16 17 0
e 17 18 0
e 19 14 0
e 18 19 0
ID 4
v 0 6
v 1 6
v 2 6
v 3 6
v 4 6
v 5 7
v 6 6
v 7 16
v 8 7
v 9 6
v 10 6
v 11 6
v 12 6
v 13 6
v 14 6
e 0 1 0
e 1 2 0
e 2 3 0
e 4 0 0
e 3 4 0
e 3 5 0
e 5 6 0
e 6 7 0
e 6 8 0
e 8 9 0
e 9 10 0
e 10 11 0
e 11 12 0
e 12 13 0
e 14 9 0
e 13 14 0
ID 5
v 0 6
v 1 6
v 2 6
v 3 6
v 4 6
v 5 6
v 6 15
v 7 8
v 8 6
v 9 6
v 10 8
v 11 7
v 12 7
v 13 6
v 14 6
v 15 6
v 16 6
v 17 6
v 18 6
v 19 6
v 20 8
v 21 6
v 22 6
v 23 6
v 24 6
v 25 6
v 26 6
e 0 1 0
e 1 2 0
e 2 3 0
e 3 4 0
e 5 0 0
e 4 5 0
e 3 6 0
e 6 7 0
e 6 8 0
e 8 9 0
e 9 10 0
e 9 11 0
e 11 12 0
e 12 13 0
e 13 14 0
e 14 15 0
e 15 16 0
e 16 17 0
e 17 18 0
e 19 14 0
e 18 19 0
e 19 20 0
e 6 21 0
e 21 22 0
e 22 23 0
e 23 24 0
e 24 25 0
e 26 21 0
e 25 26 0
ID 6
v 0 6
v 1 8
v 2 6
v 3 6
v 4 6
v 5 6
v 6 6
v 7 6
v 8 8
v 9 6
v 10 6
v 11 6
v 12 6
v 13 6
v 14 6
v 15 6
v 16 9
v 17 9
v 18 9
v 19 7
v 20 8
v 21 8
e 0 1 0
e 1 2 0
e 2 3 0
e 3 4 0
e 4 5 0
e 5 6 0
e 7 2 0
e 6 7 0
e 6 8 0
e 8 9 0
e 9 10 0
e 10 11 0
e 11 12 0
e 12 13 0
e 14 9 0
e 13 14 0
e 12 15 0
e 15 16 0
e 15 17 0
e 15 18 0
e 10 19 0
e 19 20 0
e 19 21 0
ID 7
v 0 6
v 1 8
v 2 6
v 3 6
v 4 6
v 5 6
v 6 6
v 7 6
v 8 6
v 9 8
v 10 6
v 11 6
v 12 7
v 13 6
v 14 6
v 15 6
v 16 6
v 17 6
v 18 6
v 19 6
v 20 6
v 21 6
v 22 6
v 23 6
v 24 6
e 0 1 0
e 1 2 0
e 2 3 0
e 3 4 0
e 4 5 0
e 5 6 0
e 7 2 0
e 6 7 0
e 5 8 0
e 8 9 0
e 8 10 0
e 10 11 0
e 11 12 0
e 12 13 0
e 13 14 0
e 14 15 0
e 15 16 0
e 16 17 0
e 18 12 0
e 17 18 0
e 10 19 0
e 19 20 0
e 20 21 0
e 21 22 0
e 22 23 0
e 24 19 0
e 23 24 0
ID 8
v 0 6
v 1 6
v 2 6
v 3 8
v 4 6
v 5 8
v 6 6
v 7 6
v 8 6
v 9 6
v 10 6
v 11 6
e 0 1 0
e 1 2 0
e 2 3 0
e 3 4 0
e 5 1 0
e 4 5 0
e 4 6 0
e 6 7 0
e 6 8 0
e 4 9 0
e 9 10 0
e 9 11 0
ID 9
v 0 6
v 1 6
v 2 6
v 3 6
v 4 6
v 5 8
v 6 6
v 7 6
v 8 6
v 9 7
v 10 6
v 11 8
v 12 7
v 13 6
v 14 6
v 15 6
v 16 6
v 17 6
v 18 6
v 19 6
v 20 6
e 0 1 0
e 1 2 0
e 2 3 0
e 3 4 0
e 5 1 0
e 4 5 0
e 4 6 0
e 6 7 0
e 7 8 0
e 8 9 0
e 7 10 0
e 10 11 0
e 10 12 0
e 12 13 0
e 13 14 0
e 13 15 0
e 15 16 0
e 16 17 0
e 17 18 0
e 18 19 0
e 20 15 0
e 19 20 0
ID 10
v 0 6
v 1 6
v 2 6
v 3 6
v 4 6
v 5 6
v 6 6
v 7 6
v 8 7
v 9 6
v 10 6
v 11 6
v 12 6
v 13 6
v 14 6
v 15 6
v 16 6
v 17 6
v 18 6
v 19 8
v 20 6
v 21 8
v 22 6
v 23 6
v 24 6
v 25 8
v 26 6
v 27 6
v 28 8
v 29 6
v 30 8
v 31 6
e 0 1 0
e 1 2 0
e 2 3 0
e 3 4 0
e 4 5 0
e 6 2 0
e 5 6 0
e 6 7 0
e 7 8 0
e 8 9 0
e 10 5 0
e 9 10 0
e 10 11 0
e 11 12 0
e 12 13 0
e 14 9 0
e 13 14 0
e 14 15 0
e 15 16 0
e 16 17 0
e 18 13 0
e 17 18 0
e 17 19 0
e 19 20 0
e 20 21 0
e 20 22 0
e 14 23 0
e 8 24 0
e 24 25 0
e 24 26 0
e 6 27 0
e 1 28 0
e 28 29 0
e 29 30 0
e 29 31 0
ID 11
v 0 6
v 1 6
v 2 6
v 3 8
v 4 7
v 5 6
v 6 6
v 7 6
v 8 6
v 9 6
v 10 7
v 11 6
v 12 8
v 13 6
v 14 6
v 15 6
v 16 6
v 17 6
v 18 6
v 19 6
v 20 8
e 0 1 0
e 1 2 0
e 2 3 0
e 2 4 0
e 4 5 0
e 5 6 0
e 6 7 0
e 7 8 0
e 9 5 0
e 8 9 0
e 1 10 0
e 10 11 0
e 11 12 0
e 11 13 0
e 13 14 0
e 14 15 0
e 15 16 0
e 16 17 0
e 18 13 0
e 17 18 0
e 19 10 0
e 18 19 0
e 19 20 0
ID 12
v 0 6
v 1 7
v 2 15
v 3 7
v 4 15
v 5 7
v 6 15
v 7 7
v 8 7
v 9 6
v 10 16
v 11 7
v 12 6
v 13 16
v 14 7
v 15 6
v 16 16
v 17 7
v 18 6
v 19 16
v 20 7
v 21 6
v 22 16
v 23 16
e 0 1 0
e 1 2 0
e 2 3 0
e 3 4 0
e 4 5 0
e 5 6 0
e 7 2 0
e 6 7 0
e 6 8 0
e 8 9 0
e 9 10 0
e 6 11 0
e 11 12 0
e 12 13 0
e 4 14 0
e 14 15 0
e 15 16 0
e 4 17 0
e 17 18 0
e 18 19 0
e 2 20 0
e 20 21 0
e 21 22 0
e 0 23 0
ID 13
v 0 6
v 1 6
v 2 17
v 3 7
v 4 6
v 5 8
v 6 7
v 7 6
v 8 6
v 9 16
v 10 16
v 11 6
v 12 6
v 13 7
v 14 6
v 15 8
v 16 7
v 17 6
v 18 6
v 19 17
v 20 7
v 21 8
v 22 7
v 23 8
e 0 1 0
e 1 2 0
e 0 3 0
e 3 4 0
e 4 5 0
e 4 6 0
e 6 7 0
e 7 8 0
e 8 9 0
e 9 10 0
e 10 11 0
e 11 12 0
e 12 13 0
e 13 14 0
e 14 15 0
e 14 16 0
e 16 17 0
e 17 18 0
e 18 19 0
e 13 20 0
e 20 21 0
e 6 22 0
e 22 23 0
ID 14
v 0 6
v 1 6
v 2 6
v 3 6
v 4 6
v 5 6
v 6 6
v 7 6
v 8 7
v 9 6
v 10 6
v 11 8
v 12 7
v 13 6
v 14 6
v 15 6
v 16 6
v 17 6
v 18 6
v 19 17
v 20 6
v 21 16
v 22 8
v 23 8
v 24 6
v 25 6
v 26 6
v 27 6
v 28 6
v 29 6
e 0 1 0
e 1 2 0
e 2 3 0
e 3 4 0
e 4 5 0
e 6 1 0
e 5 6 0
e 4 7 0
e 3 8 0
e 8 9 0
e 9 10 0
e 10 11 0
e 10 12 0
e 12 13 0
e 13 14 0
e 14 15 0
e 15 16 0
e 16 17 0
e 18 13 0
e 17 18 0
e 15 19 0
e 14 20 0
e 8 21 0
e 21 22 0
e 21 23 0
e 21 24 0
e 24 25 0
e 25 26 0
e 26 27 0
e 27 28 0
e 29 24 0
e 28 29 0
ID 15
v 0 6
v 1 6
v 2 6
v 3 8
v 4 6
v 5 6
v 6 6
v 7 6
v 8 6
v 9 6
v 10 6
v 11 6
v 12 6
v 13 6
v 14 6
e 0 1 0
e 1 2 0
e 2 3 0
e 2 4 0
e 4 5 0
e 5 6 0
e 7 4 0
e 6 7 0
e 8 4 0
e 6 8 0
e 6 9 0
e 9 10 0
e 10 11 0
e 11 12 0
e 12 13 0
e 14 9 0
e 13 14 0
ID 16
v 0 6
v 1 6
v 2 8
v 3 7
v 4 16
v 5 8
v 6 8
v 7 6
v 8 6
v 9 6
v 10 6
v 11 6
v 12 6
v 13 7
v 14 6
v 15 8
v 16 6
v 17 6
v 18 6
v 19 8
v 20 6
v 21 6
v 22 6
v 23 6
v 24 6
v 25 6
v 26 17
e 0 1 0
e 1 2 0
e 1 3 0
e 3 4 0
e 4 5 0
e 4 6 0
e 4 7 0
e 7 8 0
e 8 9 0
e 9 10 0
e 10 11 0
e 12 7 0
e 11 12 0
e 10 13 0
e 13 14 0
e 14 15 0
e 14 16 0
e 16 17 0
e 16 18 0
e 16 19 0
e 19 20 0
e 20 21 0
e 21 22 0
e 22 23 0
e 23 24 0
e 25 20 0
e 24 25 0
e 23 26 0
ID 17
v 0 6
v 1 6
v 2 6
v 3 8
v 4 7
v 5 6
v 6 8
v 7 6
v 8 6
v 9 6
v 10 6
v 11 6
v 12 6
v 13 35
v 14 7
v 15 7
v 16 6
v 17 8
v 18 6
v 19 6
v 20 6
v 21 7
v 22 6
v 23 6
e 0 1 0
e 1 2 0
e 2 3 0
e 2 4 0
e 5 0 0
e 4 5 0
e 5 6 0
e 4 7 0
e 7 8 0
e 8 9 0
e 9 10 0
e 10 11 0
e 12 7 0
e 11 12 0
e 10 13 0
e 1 14 0
e 14 15 0
e 15 16 0
e 16 17 0
e 16 18 0
e 18 19 0
e 19 20 0
e 20 21 0
e 21 22 0
e 23 18 0
e 22 23 0
ID 18
v 0 6
v 1 6
v 2 6
v 3 6
v 4 6
v 5 6
v 6 6
v 7 6
v 8 6
v 9 7
v 10 6
v 11 6
v 12 8
v 13 6
v 14 6
v 15 6
v 16 6
v 17 6
v 18 6
v 19 8
v 20 6
e 0 1 0
e 1 2 0
e 2 3 0
e 3 4 0
e 4 5 0
e 6 1 0
e 5 6 0
e 5 7 0
e 5 8 0
e 3 9 0
e 10 1 0
e 9 10 0
e 9 11 0
e 11 12 0
e 11 13 0
e 13 14 0
e 14 15 0
e 15 16 0
e 16 17 0
e 18 13 0
e 17 18 0
e 16 19 0
e 19 20 0
ID 19
v 0 6
v 1 6
v 2 6
v 3 6
v 4 6
v 5 6
v 6 8
v 7 6
v 8 6
v 9 7
v 10 6
v 11 6
v 12 6
v 13 6
v 14 6
v 15 6
v 16 53
v 17 6
v 18 8
v 19 7
v 20 6
v 21 7
v 22 6
v 23 6
v 24 16
v 25 17
e 0 1 0
e 1 2 0
e 2 3 0
e 3 4 0
e 5 0 0
e 4 5 0
e 4 6 0
e 6 7 0
e 7 8 0
e 8 9 0
e 9 10 0
e 10 11 0
e 11 12 0
e 12 13 0
e 13 14 0
e 15 10 0
e 14 15 0
e 14 16 0
e 11 17 0
e 17 18 0
e 19 8 0
e 17 19 0
e 19 20 0
e 20 21 0
e 21 22 0
e 22 23 0
e 24 20 0
e 23 24 0
e 3 25 0
ID 20
v 0 6
v 1 6
v 2 6
v 3 6
v 4 6
v 5 6
v 6 6
v 7 6
v 8 8
v 9 8
v 10 7
v 11 6
v 12 8
v 13 6
v 14 6
v 15 6
v 16 6
v 17 6
v 18 6
e 0 1 0
e 1 2 0
e 2 3 0
e 3 4 0
e 4 5 0
e 6 1 0
e 5 6 0
e 4 7 0
e 7 8 0
e 7 9 0
e 3 10 0
e 10 11 0
e 11 12 0
e 11 13 0
e 13 14 0
e 14 15 0
e 15 16 0
e 16 17 0
e 18 13 0
e 17 18 0
ID 21
v 0 6
v 1 6
v 2 6
v 3 6
v 4 7
v 5 6
v 6 6
v 7 6
v 8 8
v 9 6
v 10 6
v 11 6
v 12 6
v 13 6
v 14 6
v 15 6
v 16 16
v 17 6
v 18 6
v 19 8
v 20 7
v 21 6
v 22 7
e 0 1 0
e 1 2 0
e 2 3 0
e 3 4 0
e 4 5 0
e 6 1 0
e 5 6 0
e 6 7 0
e 7 8 0
e 7 9 0
e 9 10 0
e 10 11 0
e 11 12 0
e 12 13 0
e 14 9 0
e 13 14 0
e 5 15 0
e 3 16 0
e 16 17 0
e 17 18 0
e 18 19 0
e 18 20 0
e 2 21 0
e 21 22 0
ID 22
v 0 6
v 1 6
v 2 6
v 3 6
v 4 8
v 5 8
v 6 7
v 7 6
v 8 8
v 9 8
v 10 6
v 11 7
v 12 6
v 13 8
v 14 6
v 15 6
v 16 6
v 17 6
v 18 8
v 19 6
v 20 8
v 21 15
v 22 8
v 23 8
v 24 8
v 25 8
v 26 8
v 27 7
v 28 6
v 29 8
e 0 1 0
e 1 2 0
e 2 3 0
e 3 4 0
e 3 5 0
e 2 6 0
e 6 7 0
e 7 8 0
e 6 9 0
e 0 10 0
e 10 11 0
e 11 12 0
e 12 13 0
e 12 14 0
e 14 15 0
e 15 16 0
e 16 17 0
e 18 14 0
e 17 18 0
e 17 19 0
e 19 20 0
e 20 21 0
e 21 22 0
e 21 23 0
e 21 24 0
e 16 25 0
e 15 26 0
e 14 27 0
e 28 11 0
e 27 28 0
e 28 29 0
ID 23
v 0 6
v 1 6
v 2 6
v 3 6
v 4 6
v 5 6
v 6 6
v 7 17
v 8 7
v 9 6
v 10 8
v 11 6
v 12 8
v 13 6
v 14 6
v 15 6
v 16 6
v 17 6
v 18 6
v 19 16
v 20 8
v 21 8
v 22 7
v 23 6
v 24 6
v 25 6
v 26 6
e 0 1 0
e 1 2 0
e 2 3 0
e 3 4 0
e 4 5 0
e 6 1 0
e 5 6 0
e 4 7 0
e 2 8 0
e 8 9 0
e 9 10 0
e 9 11 0
e 11 12 0
e 12 13 0
e 13 14 0
e 14 15 0
e 15 16 0
e 16 17 0
e 18 13 0
e 17 18 0
e 16 19 0
e 19 20 0
e 19 21 0
e 19 22 0
e 22 23 0
e 23 24 0
e 23 25 0
e 23 26 0
ID 24
v 0 6
v 1 7
v 2 6
v 3 6
v 4 6
v 5 7
v 6 7
v 7 6
v 8 16
v 9 7
v 10 6
v 11 6
v 12 6
v 13 6
v 14 16
v 15 6
v 16 6
v 17 6
v 18 6
v 19 6
v 20 6
v 21 6
v 22 8
v 23 8
v 24 6
e 0 1 0
e 1 2 0
e 2 3 0
e 3 4 0
e 5 1 0
e 4 5 0
e 4 6 0
e 6 7 0
e 7 8 0
e 7 9 0
e 9 10 0
e 10 11 0
e 11 12 0
e 12 13 0
e 14 10 0
e 13 14 0
e 13 15 0
e 15 16 0
e 16 17 0
e 17 18 0
e 18 19 0
e 20 15 0
e 19 20 0
e 11 21 0
e 21 22 0
e 21 23 0
e 23 24 0
ID 25
v 0 6
v 1 8
v 2 6
v 3 6
v 4 6
v 5 6
v 6 6
v 7 6
v 8 7
v 9 6
v 10 8
v 11 6
v 12 8
v 13 6
v 14 6
v 15 6
v 16 6
v 17 6
v 18 6
v 19 8
v 20 6
v 21 6
v 22 6
v 23 6
v 24 6
v 25 6
e 0 1 0
e 1 2 0
e 2 3 0
e 3 4 0
e 4 5 0
e 5 6 0
e 7 2 0
e 6 7 0
e 7 8 0
e 8 9 0
e 9 10 0
e 9 11 0
e 11 12 0
e 12 13 0
e 13 14 0
e 14 15 0
e 15 16 0
e 16 17 0
e 18 13 0
e 17 18 0
e 16 19 0
e 19 20 0
e 21 15 0
e 20 21 0
e 21 22 0
e 22 23 0
e 23 24 0
e 25 20 0
e 24 25 0
ID 26
v 0 6
v 1 6
v 2 6
v 3 6
v 4 6
v 5 6
v 6 7
v 7 6
v 8 6
v 9 6
v 10 6
v 11 6
v 12 6
v 13 7
e 0 1 0
e 1 2 0
e 2 3 0
e 3 4 0
e 5 0 0
e 4 5 0
e 3 6 0
e 6 7 0
e 7 8 0
e 8 9 0
e 9 10 0
e 10 11 0
e 11 12 0
e 13 8 0
e 12 13 0
ID 27
v 0 6
v 1 6
v 2 8
v 3 6
v 4 8
v 5 6
v 6 6
v 7 6
v 8 6
v 9 8
v 10 7
v 11 6
v 12 6
v 13 6
v 14 6
v 15 6
v 16 6
v 17 8
v 18 6
v 19 6
v 20 6
v 21 8
v 22 8
v 23 6
v 24 6
e 0 1 0
e 1 2 0
e 2 3 0
e 3 4 0
e 3 5 0
e 5 6 0
e 6 7 0
e 7 8 0
e 8 9 0
e 10 5 0
e 8 10 0
e 10 11 0
e 11 12 0
e 12 13 0
e 13 14 0
e 14 15 0
e 16 11 0
e 15 16 0
e 16 17 0
e 17 18 0
e 7 19 0
e 5 20 0
e 20 21 0
e 20 22 0
e 22 23 0
e 23 24 0
ID 28
v 0 6
v 1 6
v 2 7
v 3 7
v 4 6
v 5 6
v 6 6
v 7 6
v 8 8
v 9 7
v 10 6
v 11 6
v 12 6
v 13 6
v 14 6
v 15 6
v 16 7
v 17 6
v 18 6
v 19 6
v 20 6
v 21 6
v 22 6
v 23 9
v 24 6
v 25 8
v 26 6
v 27 6
v 28 8
v 29 6
v 30 6
v 31 6
v 32 6
v 33 6
v 34 6
v 35 8
v 36 6
e 0 1 0
e 1 2 0
e 2 3 0
e 3 4 0
e 5 1 0
e 4 5 0
e 5 6 0
e 6 7 0
e 7 8 0
e 7 9 0
e 9 10 0
e 10 11 0
e 11 12 0
e 12 13 0
e 13 14 0
e 15 10 0
e 14 15 0
e 6 16 0
e 16 17 0
e 17 18 0
e 18 19 0
e 19 20 0
e 20 21 0
e 22 17 0
e 21 22 0
e 20 23 0
e 16 24 0
e 24 25 0
e 24 26 0
e 26 27 0
e 27 28 0
e 28 29 0
e 29 30 0
e 30 31 0
e 31 32 0
e 32 33 0
e 34 29 0
e 33 34 0
e 35 26 0
e 34 35 0
e 3 36 0
ID 29
v 0 6
v 1 6
v 2 6
v 3 6
v 4 6
v 5 6
v 6 6
v 7 6
v 8 6
v 9 7
v 10 6
v 11 6
v 12 7
v 13 6
v 14 6
v 15 7
v 16 6
v 17 6
v 18 6
v 19 8
v 20 7
v 21 6
v 22 6
v 23 6
v 24 6
v 25 6
v 26 8
v 27 7
v 28 6
v 29 6
v 30 6
v 31 6
v 32 6
v 33 6
v 34 17
v 35 6
e 0 1 0
e 1 2 0
e 2 3 0
e 3 4 0
e 4 5 0
e 6 1 0
e 5 6 0
e 7 2 0
e 6 7 0
e 5 8 0
e 8 9 0
e 9 10 0
e 10 11 0
e 11 12 0
e 12 13 0
e 13 14 0
e 14 15 0
e 15 16 0
e 17 12 0
e 16 17 0
e 15 18 0
e 18 19 0
e 18 20 0
e 20 21 0
e 21 22 0
e 21 23 0
e 21 24 0
e 9 25 0
e 25 26 0
e 25 27 0
e 27 28 0
e 28 29 0
e 29 30 0
e 30 31 0
e 31 32 0
e 33 28 0
e 32 33 0
e 31 34 0
e 1 35 0
ID 30
v 0 6
v 1 6
v 2 6
v 3 6
v 4 6
v 5 6
v 6 6
v 7 6
v 8 7
v 9 6
v 10 6
v 11 7
v 12 6
v 13 7
v 14 6
v 15 7
v 16 7
v 17 17
e 0 1 0
e 1 2 0
e 2 3 0
e 3 4 0
e 5 0 0
e 4 5 0
e 5 6 0
e 6 7 0
e 7 8 0
e 8 9 0
e 9 10 0
e 10 11 0
e 11 12 0
e 12 13 0
e 14 9 0
e 13 14 0
e 15 6 0
e 14 15 0
e 10 16 0
e 2 17 0
ID 31
v 0 6
v 1 6
v 2 8
v 3 6
v 4 6
v 5 6
v 6 6
v 7 6
v 8 6
v 9 8
v 10 6
v 11 6
v 12 6
v 13 6
v 14 8
v 15 6
v 16 6
v 17 6
v 18 6
v 19 6
v 20 6
v 21 35
e 0 1 0
e 1 2 0
e 1 3 0
e 3 4 0
e 4 5 0
e 5 6 0
e 6 7 0
e 8 3 0
e 7 8 0
e 8 9 0
e 6 10 0
e 10 11 0
e 11 12 0
e 12 13 0
e 14 10 0
e 13 14 0
e 4 15 0
e 15 16 0
e 16 17 0
e 17 18 0
e 18 19 0
e 20 15 0
e 19 20 0
e 17 21 0
ID 32
v 0 6
v 1 6
v 2 6
v 3 6
v 4 6
v 5 6
v 6 6
v 7 6
v 8 6
v 9 8
v 10 8
v 11 6
v 12 8
v 13 8
e 0 1 0
e 1 2 0
e 2 3 0
e 3 4 0
e 5 0 0
e 4 5 0
e 5 6 0
e 7 2 0
e 6 7 0
e 7 8 0
e 8 9 0
e 8 10 0
e 6 11 0
e 11 12 0
e 11 13 0
ID 33
v 0 6
v 1 6
v 2 6
v 3 6
v 4 6
v 5 6
v 6 6
v 7 6
v 8 6
v 9 6
v 10 6
v 11 6
v 12 6
v 13 6
v 14 6
v 15 6
v 16 6
v 17 6
v 18 6
v 19 6
v 20 8
v 21 8
v 22 8
v 23 8
e 0 1 0
e 1 2 0
e 2 3 0
e 3 4 0
e 4 5 0
e 5 6 0
e 6 7 0
e 7 8 0
e 8 9 0
e 9 10 0
e 10 11 0
e 11 12 0
e 12 13 0
e 13 14 0
e 14 15 0
e 15 16 0
e 16 17 0
e 17 18 0
e 18 19 0
e 19 20 0
e 19 21 0
e 5 22 0
e 22 23 0
ID 34
v 0 6
v 1 6
v 2 6
v 3 6
v 4 6
v 5 6
v 6 6
v 7 7
v 8 6
v 9 7
v 10 6
v 11 6
v 12 7
v 13 6
v 14 7
v 15 6
v 16 6
v 17 6
v 18 7
v 19 6
v 20 6
v 21 6
v 22 6
v 23 8
v 24 6
v 25 6
v 26 6
v 27 6
v 28 6
v 29 6
e 0 1 0
e 1 2 0
e 2 3 0
e 3 4 0
e 4 5 0
e 6 1 0
e 5 6 0
e 6 7 0
e 7 8 0
e 8 9 0
e 10 5 0
e 9 10 0
e 10 11 0
e 8 12 0
e 12 13 0
e 13 14 0
e 14 15 0
e 15 16 0
e 16 17 0
e 18 13 0
e 17 18 0
e 17 19 0
e 19 20 0
e 20 21 0
e 22 16 0
e 21 22 0
e 22 23 0
e 20 24 0
e 24 25 0
e 25 26 0
e 26 27 0
e 27 28 0
e 29 24 0
e 28 29 0
ID 35
v 0 6
v 1 6
v 2 8
v 3 6
v 4 8
v 5 6
v 6 6
v 7 8
v 8 6
v 9 6
v 10 6
v 11 6
v 12 6
v 13 6
v 14 7
v 15 16
v 16 8
v 17 8
v 18 6
v 19 6
v 20 6
v 21 6
v 22 6
v 23 6
v 24 9
v 25 6
v 26 6
e 0 1 0
e 1 2 0
e 2 3 0
e 3 4 0
e 3 5 0
e 5 6 0
e 6 7 0
e 7 8 0
e 9 5 0
e 8 9 0
e 9 10 0
e 10 11 0
e 11 12 0
e 13 8 0
e 12 13 0
e 11 14 0
e 14 15 0
e 15 16 0
e 15 17 0
e 15 18 0
e 18 19 0
e 19 20 0
e 20 21 0
e 21 22 0
e 23 18 0
e 22 23 0
e 21 24 0
e 19 25 0
e 6 26 0
ID 36
v 0 6
v 1 6
v 2 6
v 3 6
v 4 7
v 5 6
v 6 8
v 7 7
v 8 6
v 9 6
v 10 6
v 11 6
v 12 6
v 13 6
v 14 6
v 15 6
v 16 6
v 17 6
v 18 6
v 19 6
v 20 6
v 21 8
v 22 6
v 23 6
v 24 6
v 25 6
v 26 6
v 27 6
v 28 6
v 29 8
v 30 6
v 31 6
v 32 8
v 33 8
v 34 6
e 0 1 0
e 1 2 0
e 2 3 0
e 3 4 0
e 4 5 0
e 5 6 0
e 7 1 0
e 5 7 0
e 7 8 0
e 8 9 0
e 9 10 0
e 10 11 0
e 11 12 0
e 12 13 0
e 14 9 0
e 13 14 0
e 3 15 0
e 15 16 0
e 16 17 0
e 17 18 0
e 18 19 0
e 20 15 0
e 19 20 0
e 18 21 0
e 21 22 0
e 22 23 0
e 23 24 0
e 24 25 0
e 25 26 0
e 26 27 0
e 28 23 0
e 27 28 0
e 17 29 0
e 29 30 0
e 2 31 0
e 31 32 0
e 31 33 0
e 33 34 0
ID 37
v 0 6
v 1 6
v 2 6
v 3 6
v 4 6
v 5 6
v 6 6
v 7 6
v 8 8
v 9 7
v 10 6
v 11 6
v 12 6
v 13 6
v 14 6
v 15 6
v 16 7
v 17 6
v 18 6
v 19 6
v 20 7
v 21 8
v 22 8
e 0 1 0
e 1 2 0
e 2 3 0
e 3 4 0
e 4 5 0
e 6 1 0
e 5 6 0
e 5 7 0
e 7 8 0
e 7 9 0
e 9 10 0
e 10 11 0
e 11 12 0
e 12 13 0
e 13 14 0
e 15 10 0
e 14 15 0
e 13 16 0
e 16 17 0
e 17 18 0
e 19 12 0
e 18 19 0
e 2 20 0
e 20 21 0
e 20 22 0
ID 38
v 0 6
v 1 6
v 2 6
v 3 6
v 4 6
v 5 6
v 6 6
v 7 6
v 8 6
v 9 6
v 10 8
v 11 16
v 12 6
v 13 7
e 0 1 0
e 1 2 0
e 2 3 0
e 3 4 0
e 5 0 0
e 4 5 0
e 5 6 0
e 6 7 0
e 8 1 0
e 7 8 0
e 9 3 0
e 7 9 0
e 9 10 0
e 6 11 0
e 11 12 0
e 12 13 0
ID 39
v 0 6
v 1 6
v 2 6
v 3 6
v 4 6
v 5 6
v 6 6
v 7 6
v 8 6
v 9 8
v 10 6
v 11 6
v 12 6
v 13 6
v 14 6
v 15 8
v 16 8
e 0 1 0
e 1 2 0
e 2 3 0
e 3 4 0
e 5 0 0
e 4 5 0
e 4 6 0
e 6 7 0
e 7 8 0
e 9 3 0
e 8 9 0
e 8 10 0
e 10 11 0
e 11 12 0
e 12 13 0
e 14 8 0
e 13 14 0
e 15 3 0
e 14 15 0
e 14 16 0
ID 40
v 0 5
v 1 7
v 2 5
v 3 7
v 4 5
v 5 7
v 6 6
v 7 6
v 8 6
e 0 1 0
e 1 2 0
e 2 3 0
e 3 4 0
e 5 0 0
e 4 5 0
e 4 6 0
e 2 7 0
e 0 8 0
ID 41
v 0 6
v 1 6
v 2 6
v 3 6
v 4 7
v 5 7
v 6 6
v 7 6
v 8 6
v 9 7
v 10 6
v 11 6
v 12 6
v 13 6
v 14 6
v 15 6
v 16 6
v 17 8
v 18 7
v 19 8
e 0 1 0
e 1 2 0
e 2 3 0
e 3 4 0
e 5 1 0
e 4 5 0
e 5 6 0
e 3 7 0
e 2 8 0
e 8 9 0
e 9 10 0
e 10 11 0
e 11 12 0
e 12 13 0
e 13 14 0
e 15 10 0
e 14 15 0
e 15 16 0
e 16 17 0
e 18 8 0
e 16 18 0
e 18 19 0
ID 42
v 0 6
v 1 6
v 2 6
v 3 6
v 4 6
v 5 6
v 6 7
v 7 6
v 8 6
v 9 6
v 10 6
v 11 6
v 12 6
v 13 6
v 14 17
v 15 8
v 16 7
v 17 6
v 18 6
v 19 6
v 20 6
v 21 6
v 22 6
v 23 6
v 24 17
v 25 8
e 0 1 0
e 1 2 0
e 2 3 0
e 3 4 0
e 5 0 0
e 4 5 0
e 4 6 0
e 6 7 0
e 7 8 0
e 8 9 0
e 9 10 0
e 10 11 0
e 11 12 0
e 13 8 0
e 12 13 0
e 12 14 0
e 9 15 0
e 2 16 0
e 16 17 0
e 17 18 0
e 18 19 0
e 19 20 0
e 20 21 0
e 21 22 0
e 23 18 0
e 22 23 0
e 22 24 0
e 19 25 0
ID 43
v 0 6
v 1 6
v 2 8
v 3 8
v 4 6
v 5 6
v 6 6
v 7 6
v 8 6
v 9 6
v 10 6
v 11 6
v 12 6
v 13 8
v 14 7
v 15 6
v 16 6
v 17 6
v 18 6
v 19 6
v 20 6
v 21 7
v 22 6
v 23 16
v 24 8
v 25 6
e 0 1 0
e 1 2 0
e 1 3 0
e 3 4 0
e 4 5 0
e 5 6 0
e 6 7 0
e 7 8 0
e 9 4 0
e 8 9 0
e 8 10 0
e 10 11 0
e 11 12 0
e 12 13 0
e 12 14 0
e 14 15 0
e 15 16 0
e 16 17 0
e 17 18 0
e 18 19 0
e 20 15 0
e 19 20 0
e 20 21 0
e 22 14 0
e 21 22 0
e 23 11 0
e 22 23 0
e 5 24 0
e 24 25 0
ID 44
v 0 6
v 1 6
v 2 7
v 3 6
v 4 7
v 5 6
v 6 6
v 7 7
v 8 16
v 9 8
v 10 8
v 11 6
v 12 6
v 13 6
v 14 6
v 15 6
v 16 6
v 17 7
v 18 7
v 19 6
v 20 7
v 21 6
v 22 6
v 23 7
v 24 7
v 25 6
v 26 7
v 27 6
v 28 16
v 29 7
e 0 1 0
e 1 2 0
e 2 3 0
e 3 4 0
e 4 5 0
e 6 1 0
e 5 6 0
e 3 7 0
e 7 8 0
e 8 9 0
e 8 10 0
e 8 11 0
e 11 12 0
e 12 13 0
e 13 14 0
e 14 15 0
e 16 11 0
e 15 16 0
e 14 17 0
e 17 18 0
e 18 19 0
e 19 20 0
e 20 21 0
e 21 22 0
e 23 19 0
e 22 23 0
e 22 24 0
e 24 25 0
e 25 26 0
e 27 21 0
e 26 27 0
e 27 28 0
e 25 29 0
ID 45
v 0 6
v 1 6
v 2 6
v 3 6
v 4 6
v 5 6
v 6 7
v 7 6
v 8 8
v 9 6
v 10 8
v 11 6
v 12 8
v 13 6
v 14 6
v 15 6
v 16 6
v 17 6
v 18 6
v 19 8
e 0 1 0
e 1 2 0
e 2 3 0
e 3 4 0
e 5 0 0
e 4 5 0
e 3 6 0
e 6 7 0
e 7 8 0
e 7 9 0
e 9 10 0
e 10 11 0
e 11 12 0
e 11 13 0
e 13 14 0
e 14 15 0
e 15 16 0
e 16 17 0
e 18 13 0
e 17 18 0
e 16 19 0
ID 46
v 0 6
v 1 6
v 2 6
v 3 6
v 4 6
v 5 6
v 6 6
v 7 16
v 8 8
v 9 8
v 10 7
v 11 6
v 12 6
v 13 6
v 14 6
v 15 6
v 16 6
v 17 8
v 18 7
v 19 7
v 20 6
v 21 6
v 22 6
v 23 6
v 24 6
v 25 6
v 26 6
v 27 17
v 28 17
e 0 1 0
e 1 2 0
e 2 3 0
e 3 4 0
e 4 5 0
e 6 1 0
e 5 6 0
e 4 7 0
e 7 8 0
e 7 9 0
e 7 10 0
e 10 11 0
e 11 12 0
e 12 13 0
e 13 14 0
e 15 10 0
e 14 15 0
e 13 16 0
e 16 17 0
e 16 18 0
e 18 19 0
e 19 20 0
e 20 21 0
e 21 22 0
e 22 23 0
e 23 24 0
e 24 25 0
e 26 21 0
e 25 26 0
e 26 27 0
e 22 28 0
ID 47
v 0 6
v 1 6
v 2 6
v 3 6
v 4 6
v 5 6
v 6 7
v 7 6
v 8 7
v 9 7
v 10 6
v 11 16
v 12 6
v 13 6
v 14 8
v 15 7
v 16 7
v 17 6
v 18 6
v 19 6
v 20 6
v 21 6
v 22 6
v 23 6
v 24 8
v 25 6
v 26 6
v 27 8
v 28 8
v 29 6
v 30 6
v 31 6
v 32 6
v 33 6
v 34 6
v 35 17
e 0 1 0
e 1 2 0
e 2 3 0
e 3 4 0
e 5 0 0
e 4 5 0
e 3 6 0
e 6 7 0
e 7 8 0
e 8 9 0
e 10 6 0
e 9 10 0
e 10 11 0
e 11 12 0
e 12 13 0
e 13 14 0
e 13 15 0
e 15 16 0
e 16 17 0
e 17 18 0
e 18 19 0
e 19 20 0
e 20 21 0
e 21 22 0
e 23 18 0
e 22 23 0
e 23 24 0
e 24 25 0
e 25 26 0
e 26 27 0
e 26 28 0
e 7 29 0
e 29 30 0
e 30 31 0
e 31 32 0
e 32 33 0
e 34 29 0
e 33 34 0
e 32 35 0
ID 48
v 0 6
v 1 6
v 2 6
v 3 6
v 4 6
v 5 6
v 6 6
v 7 6
v 8 8
v 9 6
v 10 8
v 11 6
v 12 6
v 13 6
v 14 6
v 15 6
v 16 6
v 17 6
v 18 6
v 19 8
v 20 8
v 21 6
e 0 1 0
e 1 2 0
e 2 3 0
e 3 4 0
e 4 5 0
e 5 6 0
e 6 7 0
e 6 8 0
e 8 9 0
e 9 10 0
e 9 11 0
e 11 12 0
e 12 13 0
e 13 14 0
e 15 11 0
e 14 15 0
e 15 16 0
e 15 17 0
e 14 18 0
e 18 19 0
e 20 11 0
e 18 20 0
e 14 21 0
ID 49
v 0 6
v 1 7
v 2 6
v 3 6
v 4 6
v 5 6
v 6 6
v 7 6
v 8 6
v 9 16
v 10 8
v 11 8
v 12 6
v 13 6
v 14 6
v 15 6
v 16 6
v 17 6
v 18 7
v 19 16
v 20 8
v 21 8
v 22 6
v 23 6
v 24 6
v 25 6
v 26 6
v 27 6
v 28 17
v 29 17
e 0 1 0
e 1 2 0
e 2 3 0
e 3 4 0
e 4 5 0
e 5 6 0
e 6 7 0
e 8 3 0
e 7 8 0
e 1 9 0
e 9 10 0
e 9 11 0
e 9 12 0
e 12 13 0
e 13 14 0
e 14 15 0
e 15 16 0
e 17 12 0
e 16 17 0
e 15 18 0
e 18 19 0
e 19 20 0
e 19 21 0
e 19 22 0
e 22 23 0
e 23 24 0
e 24 25 0
e 25 26 0
e 27 22 0
e 26 27 0
e 26 28 0
e 23 29 0
ID 50
v 0 6
v 1 6
v 2 6
v 3 6
v 4 6
v 5 6
v 6 17
v 7 17
v 8 6
v 9 6
v 10 6
e 0 1 0
e 1 2 0
e 2 3 0
e 3 4 0
e 5 3 0
e 4 5 0
e 5 6 0
e 5 7 0
e 4 8 0
e 8 9 0
e 9 10 0
ID 51
v 0 6
v 1 6
v 2 6
v 3 6
v 4 6
v 5 6
v 6 6
v 7 6
v 8 6
v 9 6
v 10 6
v 11 6
v 12 8
v 13 6
v 14 6
v 15 6
v 16 6
v 17 6
v 18 6
v 19 6
v 20 6
v 21 8
v 22 8
v 23 6
v 24 6
v 25 6
v 26 6
v 27 6
v 28 6
v 29 8
v 30 8
e 0 1 0
e 1 2 0
e 2 3 0
e 3 4 0
e 4 5 0
e 5 6 0
e 6 7 0
e 7 8 0
e 8 9 0
e 9 10 0
e 10 11 0
e 11 12 0
e 13 8 0
e 11 13 0
e 13 14 0
e 14 15 0
e 15 16 0
e 16 17 0
e 17 18 0
e 18 19 0
e 19 20 0
e 20 21 0
e 20 22 0
e 22 23 0
e 23 24 0
e 24 25 0
e 25 26 0
e 26 27 0
e 28 23 0
e 27 28 0
e 26 29 0
e 5 30 0
ID 52
v 0 6
v 1 6
v 2 8
v 3 6
v 4 8
v 5 6
v 6 6
v 7 6
v 8 6
v 9 6
v 10 6
v 11 7
v 12 6
v 13 8
v 14 6
v 15 6
v 16 8
v 17 6
v 18 6
v 19 6
v 20 6
v 21 6
v 22 6
v 23 6
e 0 1 0
e 1 2 0
e 2 3 0
e 3 4 0
e 3 5 0
e 5 6 0
e 6 7 0
e 7 8 0
e 8 9 0
e 10 5 0
e 9 10 0
e 8 11 0
e 11 12 0
e 12 13 0
e 12 14 0
e 14 15 0
e 14 16 0
e 16 17 0
e 17 18 0
e 18 19 0
e 19 20 0
e 20 21 0
e 22 17 0
e 21 22 0
e 20 23 0
ID 53
v 0 6
v 1 6
v 2 6
v 3 6
v 4 6
v 5 6
v 6 6
v 7 6
v 8 6
v 9 8
v 10 6
v 11 6
v 12 6
v 13 6
v 14 6
v 15 6
v 16 6
v 17 6
v 18 6
v 19 8
v 20 6
e 0 1 0
e 1 2 0
e 2 3 0
e 3 4 0
e 4 5 0
e 6 1 0
e 5 6 0
e 4 7 0
e 7 8 0
e 8 9 0
e 9 10 0
e 10 11 0
e 11 12 0
e 12 13 0
e 13 14 0
e 15 10 0
e 15 7 0
e 14 15 0
e 8 16 0
e 16 17 0
e 17 18 0
e 18 19 0
e 18 20 0
ID 54
v 0 6
v 1 6
v 2 7
v 3 7
v 4 6
v 5 8
v 6 6
v 7 6
v 8 6
v 9 6
v 10 6
v 11 6
e 0 1 0
e 1 2 0
e 2 3 0
e 3 4 0
e 4 5 0
e 4 6 0
e 7 1 0
e 6 7 0
e 7 8 0
e 8 9 0
e 9 10 0
e 11 6 0
e 10 11 0
ID 55
v 0 6
v 1 6
v 2 6
v 3 8
v 4 7
v 5 6
v 6 8
v 7 7
v 8 6
v 9 6
v 10 6
v 11 6
v 12 8
v 13 6
v 14 8
v 15 8
v 16 9
v 17 35
e 0 1 0
e 1 2 0
e 2 3 0
e 2 4 0
e 4 5 0
e 5 6 0
e 7 0 0
e 5 7 0
e 7 8 0
e 8 9 0
e 9 10 0
e 10 11 0
e 12 8 0
e 11 12 0
e 11 13 0
e 13 14 0
e 10 15 0
e 9 16 0
e 1 17 0
ID 56
v 0 6
v 1 6
v 2 6
v 3 7
v 4 6
v 5 6
v 6 8
v 7 7
v 8 6
v 9 6
v 10 6
v 11 7
v 12 6
v 13 6
v 14 6
v 15 6
v 16 6
v 17 6
v 18 6
v 19 6
v 20 6
e 0 1 0
e 1 2 0
e 2 3 0
e 4 0 0
e 3 4 0
e 2 5 0
e 5 6 0
e 5 7 0
e 7 8 0
e 8 9 0
e 9 10 0
e 10 11 0
e 11 12 0
e 13 8 0
e 12 13 0
e 11 14 0
e 14 15 0
e 15 16 0
e 16 17 0
e 17 18 0
e 18 19 0
e 20 15 0
e 19 20 0
ID 57
v 0 6
v 1 6
v 2 6
v 3 6
v 4 6
v 5 6
v 6 6
v 7 6
v 8 7
v 9 16
v 10 8
v 11 8
v 12 6
v 13 6
v 14 6
v 15 6
v 16 6
v 17 6
v 18 17
v 19 9
e 0 1 0
e 1 2 0
e 2 3 0
e 3 4 0
e 5 0 0
e 4 5 0
e 5 6 0
e 6 7 0
e 7 8 0
e 8 9 0
e 9 10 0
e 9 11 0
e 9 12 0
e 12 13 0
e 13 14 0
e 14 15 0
e 15 16 0
e 17 12 0
e 16 17 0
e 15 18 0
e 2 19 0
ID 58
v 0 6
v 1 8
v 2 6
v 3 8
v 4 6
v 5 6
v 6 6
v 7 6
v 8 6
v 9 6
v 10 6
v 11 6
v 12 6
v 13 6
v 14 6
v 15 6
v 16 7
v 17 6
v 18 16
e 0 1 0
e 1 2 0
e 2 3 0
e 2 4 0
e 4 5 0
e 5 6 0
e 6 7 0
e 7 8 0
e 9 4 0
e 8 9 0
e 7 10 0
e 10 11 0
e 11 12 0
e 12 13 0
e 13 14 0
e 15 10 0
e 14 15 0
e 12 16 0
e 16 17 0
e 17 18 0
ID 59
v 0 6
v 1 6
v 2 6
v 3 6
v 4 6
v 5 6
v 6 6
v 7 6
v 8 8
v 9 6
v 10 6
v 11 6
v 12 6
v 13 16
v 14 7
v 15 6
v 16 7
v 17 6
v 18 6
v 19 6
v 20 6
v 21 6
v 22 6
v 23 8
v 24 6
e 0 1 0
e 1 2 0
e 2 3 0
e 3 4 0
e 4 5 0
e 6 1 0
e 5 6 0
e 4 7 0
e 7 8 0
e 7 9 0
e 9 10 0
e 10 11 0
e 11 12 0
e 13 9 0
e 12 13 0
e 12 14 0
e 11 15 0
e 15 16 0
e 10 17 0
e 17 18 0
e 18 19 0
e 19 20 0
e 20 21 0
e 22 17 0
e 21 22 0
e 20 23 0
e 23 24 0
ID 60
v 0 6
v 1 7
v 2 6
v 3 7
v 4 6
v 5 7
v 6 6
v 7 6
v 8 7
v 9 6
v 10 7
v 11 8
e 0 1 0
e 1 2 0
e 2 3 0
e 3 4 0
e 4 5 0
e 5 6 0
e 7 2 0
e 6 7 0
e 7 8 0
e 8 9 0
e 10 6 0
e 9 10 0
e 1 11 0
ID 61
v 0 6
v 1 6
v 2 6
v 3 8
v 4 7
v 5 6
v 6 8
v 7 7
v 8 6
v 9 6
v 10 6
v 11 6
v 12 8
v 13 6
v 14 8
v 15 15
v 16 8
v 17 8
v 18 8
v 19 15
v 20 8
v 21 8
v 22 8
v 23 15
v 24 8
v 25 8
v 26 8
v 27 8
v 28 8
v 29 6
v 30 6
v 31 35
e 0 1 0
e 1 2 0
e 2 3 0
e 2 4 0
e 4 5 0
e 5 6 0
e 7 0 0
e 5 7 0
e 7 8 0
e 8 9 0
e 9 10 0
e 10 11 0
e 12 8 0
e 11 12 0
e 11 13 0
e 13 14 0
e 14 15 0
e 15 16 0
e 15 17 0
e 15 18 0
e 18 19 0
e 19 20 0
e 19 21 0
e 19 22 0
e 22 23 0
e 23 24 0
e 23 25 0
e 23 26 0
e 10 27 0
e 9 28 0
e 1 29 0
e 29 30 0
e 30 31 0
ID 62
v 0 6
v 1 8
v 2 6
v 3 6
v 4 6
v 5 6
v 6 6
v 7 6
v 8 6
v 9 7
v 10 7
v 11 6
v 12 8
v 13 7
v 14 8
v 15 6
v 16 7
v 17 6
v 18 6
v 19 6
v 20 6
v 21 7
v 22 8
v 23 8
e 0 1 0
e 1 2 0
e 2 3 0
e 3 4 0
e 4 5 0
e 5 6 0
e 7 2 0
e 6 7 0
e 6 8 0
e 8 9 0
e 9 10 0
e 10 11 0
e 11 12 0
e 11 13 0
e 3 14 0
e 14 15 0
e 15 16 0
e 16 17 0
e 17 18 0
e 18 19 0
e 20 15 0
e 19 20 0
e 18 21 0
e 21 22 0
e 21 23 0
ID 63
v 0 6
v 1 6
v 2 6
v 3 6
v 4 6
v 5 6
v 6 6
v 7 6
v 8 6
v 9 6
v 10 6
v 11 6
v 12 6
v 13 8
v 14 8
v 15 6
v 16 6
e 0 1 0
e 1 2 0
e 2 3 0
e 4 1 0
e 3 4 0
e 4 5 0
e 5 6 0
e 6 7 0
e 7 8 0
e 9 3 0
e 8 9 0
e 9 10 0
e 10 11 0
e 12 7 0
e 11 12 0
e 12 13 0
e 9 14 0
e 7 15 0
e 1 16 0
ID 64
v 0 6
v 1 8
v 2 6
v 3 8
v 4 6
v 5 6
v 6 6
v 7 6
v 8 6
v 9 6
v 10 6
v 11 8
v 12 8
v 13 6
v 14 7
v 15 6
v 16 8
v 17 6
v 18 16
v 19 6
v 20 6
v 21 6
v 22 6
v 23 6
v 24 6
e 0 1 0
e 1 2 0
e 2 3 0
e 2 4 0
e 4 5 0
e 5 6 0
e 6 7 0
e 7 8 0
e 9 4 0
e 8 9 0
e 7 10 0
e 10 11 0
e 10 12 0
e 12 13 0
e 6 14 0
e 14 15 0
e 15 16 0
e 15 17 0
e 17 18 0
e 18 19 0
e 19 20 0
e 20 21 0
e 21 22 0
e 22 23 0
e 24 19 0
e 23 24 0
ID 65
v 0 6
v 1 14
v 2 6
v 3 6
v 4 8
v 5 6
v 6 8
v 7 6
v 8 6
v 9 6
v 10 6
v 11 6
v 12 6
v 13 6
v 14 6
v 15 7
v 16 6
v 17 8
v 18 6
v 19 9
v 20 9
v 21 9
e 0 1 0
e 1 2 0
e 1 3 0
e 1 4 0
e 4 5 0
e 5 6 0
e 5 7 0
e 7 8 0
e 8 9 0
e 9 10 0
e 10 11 0
e 11 12 0
e 12 13 0
e 14 9 0
e 13 14 0
e 7 15 0
e 15 16 0
e 16 17 0
e 16 18 0
e 18 19 0
e 18 20 0
e 18 21 0
ID 66
v 0 6
v 1 6
v 2 6
v 3 6
v 4 8
v 5 6
v 6 6
v 7 6
v 8 6
v 9 6
v 10 6
v 11 6
v 12 6
v 13 6
v 14 6
v 15 6
v 16 6
v 17 6
v 18 6
v 19 6
v 20 6
e 0 1 0
e 1 2 0
e 2 3 0
e 3 4 0
e 3 5 0
e 6 0 0
e 5 6 0
e 5 7 0
e 7 8 0
e 8 9 0
e 9 10 0
e 10 11 0
e 11 12 0
e 12 13 0
e 14 9 0
e 13 14 0
e 14 15 0
e 15 16 0
e 16 17 0
e 17 18 0
e 18 19 0
e 20 15 0
e 20 7 0
e 19 20 0
ID 67
v 0 6
v 1 6
v 2 7
v 3 6
v 4 6
v 5 6
v 6 6
v 7 7
v 8 6
v 9 6
v 10 6
v 11 6
v 12 6
v 13 6
v 14 6
v 15 6
v 16 6
v 17 6
v 18 6
v 19 8
v 20 6
v 21 6
v 22 6
v 23 6
v 24 6
v 25 6
v 26 16
e 0 1 0
e 1 2 0
e 2 3 0
e 3 4 0
e 2 5 0
e 5 6 0
e 6 7 0
e 7 8 0
e 8 9 0
e 9 10 0
e 10 11 0
e 11 12 0
e 12 13 0
e 13 14 0
e 14 15 0
e 16 11 0
e 15 16 0
e 17 8 0
e 16 17 0
e 10 18 0
e 18 19 0
e 18 20 0
e 20 21 0
e 21 22 0
e 22 23 0
e 23 24 0
e 25 20 0
e 24 25 0
e 26 9 0
e 25 26 0
ID 68
v 0 6
v 1 6
v 2 6
v 3 6
v 4 7
v 5 6
v 6 6
v 7 6
v 8 6
v 9 6
v 10 6
v 11 6
v 12 6
v 13 7
v 14 9
v 15 8
e 0 1 0
e 1 2 0
e 1 3 0
e 1 4 0
e 4 5 0
e 5 6 0
e 6 7 0
e 7 8 0
e 8 9 0
e 9 10 0
e 10 11 0
e 12 7 0
e 11 12 0
e 10 13 0
e 9 14 0
e 6 15 0
ID 69
v 0 6
v 1 6
v 2 6
v 3 6
v 4 6
v 5 6
v 6 6
v 7 7
v 8 6
v 9 6
v 10 6
v 11 6
v 12 6
v 13 6
v 14 6
v 15 6
v 16 6
v 17 7
v 18 6
v 19 8
v 20 6
v 21 6
v 22 6
v 23 6
v 24 6
v 25 6
e 0 1 0
e 1 2 0
e 2 3 0
e 3 4 0
e 4 5 0
e 6 1 0
e 5 6 0
e 4 7 0
e 7 8 0
e 8 9 0
e 9 10 0
e 10 11 0
e 11 12 0
e 12 13 0
e 13 14 0
e 14 15 0
e 16 11 0
e 15 16 0
e 10 17 0
e 17 18 0
e 18 19 0
e 18 20 0
e 20 21 0
e 21 22 0
e 22 23 0
e 23 24 0
e 25 20 0
e 24 25 0
ID 70
v 0 6
v 1 6
v 2 6
v 3 6
v 4 7
v 5 6
v 6 6
v 7 6
v 8 7
v 9 6
v 10 8
v 11 6
v 12 6
v 13 6
v 14 6
v 15 6
v 16 6
v 17 6
v 18 6
v 19 8
v 20 6
v 21 8
v 22 6
v 23 16
e 0 1 0
e 1 2 0
e 2 3 0
e 3 4 0
e 4 5 0
e 6 1 0
e 5 6 0
e 4 7 0
e 7 8 0
e 8 9 0
e 9 10 0
e 9 11 0
e 11 12 0
e 12 13 0
e 13 14 0
e 14 15 0
e 15 16 0
e 16 17 0
e 18 13 0
e 17 18 0
e 16 19 0
e 19 20 0
e 14 21 0
e 21 22 0
e 23 7 0
e 11 23 0
ID 71
v 0 6
v 1 6
v 2 6
v 3 6
v 4 6
v 5 6
v 6 6
v 7 7
v 8 6
v 9 8
v 10 6
v 11 6
v 12 6
v 13 6
v 14 16
v 15 17
v 16 6
v 17 6
v 18 7
v 19 6
v 20 6
v 21 6
v 22 6
v 23 6
v 24 6
v 25 17
e 0 1 0
e 1 2 0
e 2 3 0
e 3 4 0
e 4 5 0
e 6 1 0
e 5 6 0
e 6 7 0
e 7 8 0
e 8 9 0
e 8 10 0
e 10 11 0
e 11 12 0
e 12 13 0
e 14 10 0
e 13 14 0
e 4 15 0
e 3 16 0
e 16 17 0
e 17 18 0
e 16 19 0
e 19 20 0
e 20 21 0
e 21 22 0
e 22 23 0
e 24 19 0
e 23 24 0
e 22 25 0
ID 72
v 0 6
v 1 6
v 2 7
v 3 6
v 4 7
v 5 6
v 6 7
v 7 6
v 8 6
v 9 6
v 10 6
v 11 6
v 12 6
v 13 7
v 14 6
v 15 6
v 16 17
v 17 6
v 18 6
v 19 17
v 20 7
v 21 7
v 22 6
e 0 1 0
e 1 2 0
e 2 3 0
e 3 4 0
e 4 5 0
e 6 1 0
e 5 6 0
e 6 7 0
e 7 8 0
e 8 9 0
e 9 10 0
e 10 11 0
e 12 7 0
e 11 12 0
e 10 13 0
e 13 14 0
e 14 15 0
e 15 16 0
e 13 17 0
e 17 18 0
e 18 19 0
e 5 20 0
e 3 21 0
e 1 22 0
ID 73
v 0 6
v 1 6
v 2 6
v 3 6
v 4 6
v 5 7
v 6 6
v 7 6
v 8 6
v 9 6
v 10 6
v 11 6
v 12 8
v 13 6
v 14 8
v 15 6
v 16 6
v 17 6
v 18 6
v 19 8
v 20 7
v 21 6
v 22 16
v 23 7
v 24 6
v 25 8
v 26 6
v 27 6
e 0 1 0
e 1 2 0
e 2 3 0
e 3 4 0
e 5 1 0
e 4 5 0
e 5 6 0
e 6 7 0
e 7 8 0
e 8 9 0
e 9 10 0
e 11 6 0
e 10 11 0
e 9 12 0
e 12 13 0
e 14 8 0
e 13 14 0
e 4 15 0
e 3 16 0
e 16 17 0
e 17 18 0
e 18 19 0
e 18 20 0
e 20 21 0
e 21 22 0
e 21 23 0
e 24 17 0
e 23 24 0
e 24 25 0
e 23 26 0
e 20 27 0
ID 74
v 0 6
v 1 6
v 2 6
v 3 6
v 4 6
v 5 6
v 6 6
v 7 6
v 8 6
v 9 7
v 10 6
v 11 7
v 12 6
v 13 7
v 14 6
v 15 7
e 0 1 0
e 1 2 0
e 2 3 0
e 3 4 0
e 5 0 0
e 4 5 0
e 5 6 0
e 7 2 0
e 6 7 0
e 7 8 0
e 8 9 0
e 7 10 0
e 10 11 0
e 6 12 0
e 12 13 0
e 6 14 0
e 14 15 0
ID 75
v 0 6
v 1 6
v 2 6
v 3 7
v 4 6
v 5 7
v 6 7
v 7 6
v 8 6
v 9 6
v 10 7
v 11 6
v 12 8
v 13 6
e 0 1 0
e 1 2 0
e 2 3 0
e 3 4 0
e 4 5 0
e 5 6 0
e 7 3 0
e 6 7 0
e 7 8 0
e 8 9 0
e 8 10 0
e 10 11 0
e 11 12 0
e 11 13 0
ID 76
v 0 6
v 1 6
v 2 6
v 3 7
v 4 6
v 5 6
v 6 8
v 7 6
v 8 6
v 9 8
v 10 6
v 11 7
v 12 6
v 13 7
v 14 6
v 15 7
v 16 7
v 17 8
v 18 8
e 0 1 0
e 1 2 0
e 2 3 0
e 3 4 0
e 4 5 0
e 6 1 0
e 5 6 0
e 5 7 0
e 3 8 0
e 8 9 0
e 8 10 0
e 10 11 0
e 11 12 0
e 12 13 0
e 13 14 0
e 15 11 0
e 14 15 0
e 14 16 0
e 16 17 0
e 16 18 0
ID 77
v 0 6
v 1 6
v 2 6
v 3 6
v 4 6
v 5 6
v 6 8
v 7 6
v 8 6
v 9 6
v 10 6
v 11 6
v 12 6
v 13 16
v 14 7
v 15 6
v 16 8
v 17 8
e 0 1 0
e 1 2 0
e 2 3 0
e 3 4 0
e 5 0 0
e 4 5 0
e 4 6 0
e 6 7 0
e 7 8 0
e 8 9 0
e 9 10 0
e 10 11 0
e 12 7 0
e 11 12 0
e 13 3 0
e 12 13 0
e 11 14 0
e 9 15 0
e 15 16 0
e 15 17 0
ID 78
v 0 6
v 1 6
v 2 6
v 3 6
v 4 6
v 5 6
v 6 6
v 7 6
v 8 8
v 9 6
v 10 6
v 11 6
v 12 6
v 13 6
v 14 6
v 15 35
e 0 1 0
e 1 2 0
e 2 3 0
e 3 4 0
e 4 5 0
e 5 6 0
e 6 7 0
e 7 8 0
e 8 9 0
e 9 10 0
e 10 11 0
e 11 12 0
e 12 13 0
e 14 9 0
e 13 14 0
e 12 15 0
ID 79
v 0 6
v 1 6
v 2 6
v 3 6
v 4 6
v 5 6
v 6 7
v 7 6
v 8 16
v 9 7
v 10 6
v 11 6
v 12 6
v 13 6
v 14 6
v 15 6
v 16 6
v 17 6
v 18 6
v 19 7
v 20 6
v 21 8
v 22 8
v 23 6
v 24 6
v 25 8
v 26 6
v 27 6
v 28 6
v 29 6
v 30 6
e 0 1 0
e 1 2 0
e 2 3 0
e 3 4 0
e 5 0 0
e 4 5 0
e 3 6 0
e 6 7 0
e 7 8 0
e 7 9 0
e 9 10 0
e 10 11 0
e 11 12 0
e 12 13 0
e 13 14 0
e 14 15 0
e 15 16 0
e 16 17 0
e 18 13 0
e 17 18 0
e 18 19 0
e 20 11 0
e 19 20 0
e 20 21 0
e 16 22 0
e 22 23 0
e 23 24 0
e 25 15 0
e 24 25 0
e 9 26 0
e 26 27 0
e 27 28 0
e 28 29 0
e 30 26 0
e 29 30 0
ID 80
v 0 6
v 1 6
v 2 8
v 3 7
v 4 16
v 5 8
v 6 8
v 7 6
v 8 6
v 9 6
v 10 6
v 11 6
v 12 6
v 13 7
v 14 6
v 15 8
v 16 6
v 17 6
v 18 6
v 19 8
e 0 1 0
e 1 2 0
e 1 3 0
e 3 4 0
e 4 5 0
e 4 6 0
e 4 7 0
e 7 8 0
e 8 9 0
e 9 10 0
e 10 11 0
e 12 7 0
e 11 12 0
e 10 13 0
e 13 14 0
e 14 15 0
e 14 16 0
e 16 17 0
e 18 13 0
e 17 18 0
e 18 19 0
ID 81
v 0 6
v 1 6
v 2 6
v 3 6
v 4 6
v 5 6
v 6 6
v 7 6
v 8 8
v 9 7
v 10 6
v 11 6
v 12 6
v 13 7
v 14 6
v 15 6
v 16 8
v 17 6
v 18 16
v 19 7
v 20 6
v 21 6
v 22 6
v 23 6
v 24 6
v 25 8
v 26 6
e 0 1 0
e 1 2 0
e 2 3 0
e 3 4 0
e 4 5 0
e 5 6 0
e 6 7 0
e 7 8 0
e 7 9 0
e 10 4 0
e 9 10 0
e 11 1 0
e 10 11 0
e 6 12 0
e 12 13 0
e 13 14 0
e 14 15 0
e 15 16 0
e 13 17 0
e 17 18 0
e 17 19 0
e 19 20 0
e 20 21 0
e 21 22 0
e 22 23 0
e 23 24 0
e 25 21 0
e 24 25 0
e 3 26 0
ID 82
v 0 6
v 1 6
v 2 7
v 3 6
v 4 6
v 5 7
v 6 6
v 7 6
v 8 6
v 9 6
v 10 6
v 11 6
v 12 6
v 13 6
v 14 6
v 15 6
v 16 8
v 17 7
v 18 6
v 19 8
v 20 6
v 21 6
v 22 6
v 23 6
v 24 6
v 25 6
v 26 17
e 0 1 0
e 1 2 0
e 2 3 0
e 3 4 0
e 5 0 0
e 4 5 0
e 5 6 0
e 6 7 0
e 7 8 0
e 8 9 0
e 9 10 0
e 10 11 0
e 12 7 0
e 11 12 0
e 2 13 0
e 13 14 0
e 14 15 0
e 15 16 0
e 15 17 0
e 18 13 0
e 17 18 0
e 18 19 0
e 17 20 0
e 20 21 0
e 21 22 0
e 22 23 0
e 23 24 0
e 25 20 0
e 24 25 0
e 23 26 0
ID 83
v 0 6
v 1 6
v 2 6
v 3 6
v 4 6
v 5 7
v 6 6
v 7 8
v 8 6
v 9 6
v 10 6
v 11 6
v 12 6
v 13 16
v 14 7
v 15 6
v 16 6
v 17 6
v 18 6
v 19 6
v 20 6
v 21 17
v 22 6
v 23 8
v 24 6
v 25 7
v 26 6
v 27 6
v 28 7
v 29 6
e 0 1 0
e 1 2 0
e 2 3 0
e 4 0 0
e 3 4 0
e 3 5 0
e 5 6 0
e 6 7 0
e 6 8 0
e 8 9 0
e 9 10 0
e 10 11 0
e 11 12 0
e 13 9 0
e 12 13 0
e 8 14 0
e 14 15 0
e 15 16 0
e 16 17 0
e 17 18 0
e 18 19 0
e 20 15 0
e 19 20 0
e 20 21 0
e 14 22 0
e 22 23 0
e 22 24 0
e 24 25 0
e 25 26 0
e 26 27 0
e 27 28 0
e 29 24 0
e 28 29 0
ID 84
v 0 6
v 1 6
v 2 6
v 3 6
v 4 6
v 5 6
v 6 6
v 7 6
v 8 6
v 9 8
v 10 8
v 11 6
v 12 6
v 13 6
v 14 8
v 15 8
e 0 1 0
e 1 2 0
e 2 3 0
e 3 4 0
e 5 0 0
e 4 5 0
e 4 6 0
e 6 7 0
e 7 8 0
e 8 9 0
e 8 10 0
e 2 11 0
e 11 12 0
e 12 13 0
e 13 14 0
e 13 15 0
ID 85
v 0 6
v 1 6
v 2 6
v 3 8
v 4 6
v 5 8
v 6 6
v 7 6
v 8 6
v 9 6
v 10 6
v 11 6
v 12 6
v 13 6
e 0 1 0
e 1 2 0
e 3 1 0
e 2 3 0
e 1 4 0
e 4 5 0
e 4 6 0
e 6 7 0
e 7 8 0
e 8 9 0
e 9 10 0
e 10 11 0
e 11 12 0
e 13 8 0
e 12 13 0
ID 86
v 0 6
v 1 6
v 2 8
v 3 6
v 4 8
v 5 6
v 6 6
v 7 8
v 8 6
v 9 6
v 10 6
v 11 7
v 12 6
v 13 8
v 14 7
v 15 6
v 16 6
v 17 6
v 18 6
v 19 6
v 20 8
v 21 6
v 22 8
v 23 7
v 24 7
v 25 7
v 26 8
e 0 1 0
e 1 2 0
e 2 3 0
e 3 4 0
e 3 5 0
e 5 6 0
e 6 7 0
e 7 8 0
e 8 9 0
e 9 10 0
e 10 11 0
e 11 12 0
e 12 13 0
e 12 14 0
e 15 9 0
e 15 5 0
e 14 15 0
e 11 16 0
e 16 17 0
e 17 18 0
e 18 19 0
e 20 16 0
e 19 20 0
e 19 21 0
e 21 22 0
e 18 23 0
e 23 24 0
e 24 25 0
e 6 26 0
ID 87
v 0 6
v 1 6
v 2 6
v 3 6
v 4 6
v 5 6
v 6 7
v 7 6
v 8 6
v 9 6
v 10 7
v 11 6
v 12 6
v 13 6
v 14 6
v 15 6
v 16 6
v 17 6
v 18 6
v 19 6
v 20 6
v 21 6
v 22 8
e 0 1 0
e 1 2 0
e 2 3 0
e 3 4 0
e 5 0 0
e 4 5 0
e 3 6 0
e 6 7 0
e 7 8 0
e 8 9 0
e 10 6 0
e 9 10 0
e 9 11 0
e 11 12 0
e 12 13 0
e 13 14 0
e 14 15 0
e 15 16 0
e 16 17 0
e 18 13 0
e 17 18 0
e 18 19 0
e 20 11 0
e 19 20 0
e 8 21 0
e 21 22 0
ID 88
v 0 6
v 1 6
v 2 8
v 3 6
v 4 8
v 5 6
v 6 6
v 7 7
v 8 6
v 9 6
v 10 6
v 11 6
v 12 6
v 13 6
v 14 7
v 15 6
v 16 7
v 17 6
v 18 8
e 0 1 0
e 1 2 0
e 2 3 0
e 3 4 0
e 3 5 0
e 5 6 0
e 6 7 0
e 7 8 0
e 8 9 0
e 9 10 0
e 10 11 0
e 11 12 0
e 13 8 0
e 12 13 0
e 13 14 0
e 15 7 0
e 14 15 0
e 15 16 0
e 17 5 0
e 16 17 0
e 17 18 0
ID 89
v 0 6
v 1 6
v 2 6
v 3 6
v 4 6
v 5 6
v 6 6
v 7 6
v 8 7
v 9 6
v 10 6
v 11 6
v 12 6
v 13 6
v 14 6
v 15 6
v 16 6
v 17 6
v 18 6
v 19 6
v 20 6
v 21 6
v 22 7
v 23 6
v 24 6
e 0 1 0
e 1 2 0
e 2 3 0
e 3 4 0
e 4 5 0
e 6 1 0
e 5 6 0
e 4 7 0
e 7 8 0
e 8 9 0
e 9 10 0
e 10 11 0
e 11 12 0
e 12 13 0
e 14 9 0
e 13 14 0
e 14 15 0
e 16 7 0
e 15 16 0
e 17 3 0
e 16 17 0
e 17 18 0
e 18 19 0
e 19 20 0
e 20 21 0
e 21 22 0
e 22 23 0
e 24 19 0
e 23 24 0
ID 90
v 0 6
v 1 6
v 2 7
v 3 6
v 4 6
v 5 6
v 6 6
v 7 7
v 8 6
v 9 6
v 10 6
v 11 17
v 12 8
v 13 6
e 0 1 0
e 1 2 0
e 2 3 0
e 3 4 0
e 4 5 0
e 6 1 0
e 5 6 0
e 4 7 0
e 7 8 0
e 8 9 0
e 10 3 0
e 9 10 0
e 10 11 0
e 8 12 0
e 12 13 0
ID 91
v 0 6
v 1 6
v 2 6
v 3 6
v 4 6
v 5 6
v 6 6
v 7 17
v 8 16
v 9 8
v 10 8
v 11 8
v 12 7
v 13 6
v 14 8
v 15 6
v 16 7
v 17 7
v 18 6
v 19 6
v 20 6
v 21 7
v 22 6
v 23 6
v 24 6
v 25 6
v 26 6
v 27 6
v 28 17
v 29 7
v 30 6
v 31 8
v 32 6
v 33 8
v 34 8
v 35 6
e 0 1 0
e 1 2 0
e 2 3 0
e 3 4 0
e 4 5 0
e 6 1 0
e 5 6 0
e 6 7 0
e 4 8 0
e 8 9 0
e 8 10 0
e 8 11 0
e 3 12 0
e 12 13 0
e 13 14 0
e 13 15 0
e 15 16 0
e 16 17 0
e 15 18 0
e 18 19 0
e 19 20 0
e 20 21 0
e 21 22 0
e 22 23 0
e 23 24 0
e 24 25 0
e 25 26 0
e 27 22 0
e 26 27 0
e 25 28 0
e 23 29 0
e 30 20 0
e 29 30 0
e 30 31 0
e 18 32 0
e 32 33 0
e 32 34 0
e 34 35 0
ID 92
v 0 6
v 1 6
v 2 6
v 3 6
v 4 7
v 5 6
v 6 6
v 7 6
v 8 7
v 9 8
v 10 6
v 11 7
v 12 6
v 13 8
v 14 6
v 15 6
v 16 6
v 17 6
v 18 6
v 19 6
v 20 8
v 21 6
v 22 6
e 0 1 0
e 1 2 0
e 2 3 0
e 3 4 0
e 4 5 0
e 6 1 0
e 5 6 0
e 6 7 0
e 7 8 0
e 8 9 0
e 9 10 0
e 11 7 0
e 10 11 0
e 10 12 0
e 12 13 0
e 12 14 0
e 14 15 0
e 15 16 0
e 16 17 0
e 17 18 0
e 19 14 0
e 18 19 0
e 5 20 0
e 20 21 0
e 3 22 0
ID 93
v 0 6
v 1 6
v 2 6
v 3 8
v 4 6
v 5 6
v 6 6
v 7 6
v 8 6
v 9 6
v 10 6
v 11 8
v 12 6
v 13 8
v 14 8
v 15 8
v 16 6
v 17 6
e 0 1 0
e 1 2 0
e 2 3 0
e 3 4 0
e 4 5 0
e 6 1 0
e 5 6 0
e 6 7 0
e 7 8 0
e 8 9 0
e 10 5 0
e 9 10 0
e 10 11 0
e 9 12 0
e 12 13 0
e 12 14 0
e 8 15 0
e 7 16 0
e 2 17 0
ID 94
v 0 6
v 1 6
v 2 6
v 3 6
v 4 6
v 5 6
v 6 6
v 7 6
v 8 7
v 9 6
v 10 8
v 11 7
v 12 6
v 13 6
v 14 6
v 15 6
v 16 6
v 17 6
v 18 6
v 19 8
v 20 6
v 21 8
v 22 6
v 23 6
v 24 6
v 25 6
v 26 6
v 27 8
v 28 6
e 0 1 0
e 1 2 0
e 2 3 0
e 3 4 0
e 4 5 0
e 5 6 0
e 7 2 0
e 6 7 0
e 7 8 0
e 8 9 0
e 9 10 0
e 9 11 0
e 11 12 0
e 12 13 0
e 13 14 0
e 14 15 0
e 15 16 0
e 16 17 0
e 18 13 0
e 17 18 0
e 16 19 0
e 19 20 0
e 21 15 0
e 20 21 0
e 11 22 0
e 22 23 0
e 23 24 0
e 24 25 0
e 25 26 0
e 27 23 0
e 26 27 0
e 26 28 0
ID 95
v 0 6
v 1 6
v 2 8
v 3 6
v 4 8
v 5 6
v 6 6
v 7 6
v 8 6
v 9 6
v 10 6
v 11 7
v 12 6
v 13 6
v 14 6
v 15 6
v 16 8
v 17 8
v 18 6
v 19 8
v 20 6
v 21 6
v 22 6
v 23 6
v 24 6
v 25 6
v 26 6
v 27 17
e 0 1 0
e 1 2 0
e 2 3 0
e 3 4 0
e 3 5 0
e 5 6 0
e 6 7 0
e 7 8 0
e 8 9 0
e 10 5 0
e 9 10 0
e 8 11 0
e 11 12 0
e 12 13 0
e 13 14 0
e 15 11 0
e 14 15 0
e 15 16 0
e 14 17 0
e 13 18 0
e 18 19 0
e 18 20 0
e 12 21 0
e 21 22 0
e 22 23 0
e 23 24 0
e 24 25 0
e 26 21 0
e 25 26 0
e 24 27 0
ID 96
v 0 6
v 1 6
v 2 6
v 3 6
v 4 6
v 5 6
v 6 6
v 7 7
v 8 6
v 9 8
v 10 6
v 11 6
v 12 6
v 13 6
v 14 6
v 15 6
v 16 6
v 17 6
v 18 6
v 19 6
v 20 6
v 21 6
v 22 8
v 23 6
v 24 7
e 0 1 0
e 1 2 0
e 2 3 0
e 3 4 0
e 5 0 0
e 4 5 0
e 3 6 0
e 6 7 0
e 7 8 0
e 8 9 0
e 8 10 0
e 10 11 0
e 11 12 0
e 12 13 0
e 13 14 0
e 14 15 0
e 15 16 0
e 16 17 0
e 17 18 0
e 18 19 0
e 19 20 0
e 21 16 0
e 21 12 0
e 20 21 0
e 13 22 0
e 10 23 0
e 23 24 0
ID 97
v 0 6
v 1 6
v 2 7
v 3 6
v 4 6
v 5 6
v 6 7
v 7 6
v 8 6
v 9 6
v 10 6
v 11 8
v 12 7
v 13 6
v 14 6
v 15 6
v 16 7
v 17 6
v 18 16
v 19 6
v 20 6
v 21 8
v 22 8
v 23 6
v 24 6
v 25 6
v 26 6
v 27 6
v 28 6
v 29 6
v 30 6
v 31 9
e 0 1 0
e 1 2 0
e 2 3 0
e 3 4 0
e 4 5 0
e 6 2 0
e 5 6 0
e 5 7 0
e 4 8 0
e 8 9 0
e 9 10 0
e 10 11 0
e 10 12 0
e 12 13 0
e 13 14 0
e 14 15 0
e 15 16 0
e 17 12 0
e 16 17 0
e 18 9 0
e 17 18 0
e 15 19 0
e 14 20 0
e 20 21 0
e 20 22 0
e 22 23 0
e 23 24 0
e 13 25 0
e 25 26 0
e 26 27 0
e 27 28 0
e 28 29 0
e 30 25 0
e 29 30 0
e 28 31 0
ID 98
v 0 14
v 1 14
v 2 14
e 0 1 0
e 2 0 0
e 1 2 0
ID 99
v 0 6
v 1 6
v 2 8
v 3 6
v 4 8
v 5 6
v 6 6
v 7 8
v 8 6
v 9 6
v 10 6
v 11 6
v 12 6
v 13 6
v 14 8
v 15 6
e 0 1 0
e 1 2 0
e 2 3 0
e 3 4 0
e 3 5 0
e 5 6 0
e 6 7 0
e 7 8 0
e 8 9 0
e 9 10 0
e 10 11 0
e 11 12 0
e 13 8 0
e 12 13 0
e 14 6 0
e 13 14 0
e 6 15 0
