ID 0
v 0 0
v 1 0
v 2 0
v 3 0
v 4 0
v 5 0
v 6 0
v 7 0
v 8 0
v 9 0
v 10 0
v 11 0
v 12 0
v 13 0
e 0 1 0
e 0 8 0
e 0 11 0
e 0 12 0
e 1 2 0
e 1 3 0
e 1 5 0
e 1 13 0
e 2 6 0
e 2 9 0
e 3 4 0
e 3 7 0
e 3 6 0
e 3 13 0
e 4 10 0
e 5 10 0
e 6 9 0
e 6 13 0
e 8 11 0
e 9 10 0
ID 1
v 0 0
v 1 0
v 2 0
v 3 0
v 4 0
v 5 0
v 6 0
v 7 0
v 8 0
v 9 0
v 10 0
v 11 0
v 12 0
v 13 0
v 14 0
e 0 1 0
e 0 4 0
e 0 13 0
e 0 6 0
e 0 12 0
e 1 2 0
e 1 3 0
e 1 7 0
e 1 9 0
e 2 8 0
e 3 5 0
e 3 9 0
e 4 6 0
e 4 11 0
e 5 11 0
e 5 8 0
e 5 13 0
e 6 8 0
e 6 11 0
e 7 14 0
e 9 10 0
e 9 12 0
e 9 11 0
ID 2
v 0 0
v 1 0
v 2 0
v 3 0
v 4 0
v 5 0
v 6 0
v 7 0
v 8 0
v 9 0
v 10 0
v 11 0
v 12 0
v 13 0
v 14 0
v 15 0
v 16 0
e 0 1 0
e 0 2 0
e 0 3 0
e 0 4 0
e 0 5 0
e 0 11 0
e 1 7 0
e 1 16 0
e 1 5 0
e 2 6 0
e 3 13 0
e 3 15 0
e 3 5 0
e 3 6 0
e 4 6 0
e 4 10 0
e 4 12 0
e 5 9 0
e 5 11 0
e 6 11 0
e 6 7 0
e 6 15 0
e 7 8 0
e 8 14 0
e 8 13 0
e 10 12 0
ID 3
v 0 0
v 1 0
v 2 0
v 3 0
v 4 0
v 5 0
v 6 0
v 7 0
v 8 0
v 9 0
v 10 0
v 11 0
v 12 0
v 13 0
e 0 1 0
e 0 3 0
e 0 4 0
e 0 5 0
e 1 2 0
e 1 13 0
e 1 9 0
e 2 6 0
e 2 9 0
e 3 11 0
e 4 7 0
e 4 12 0
e 4 9 0
e 5 8 0
e 5 10 0
e 6 10 0
e 6 9 0
e 8 12 0
e 8 9 0
e 12 13 0
ID 4
v 0 0
v 1 0
v 2 0
v 3 0
v 4 0
v 5 0
v 6 0
v 7 0
v 8 0
v 9 0
v 10 0
v 11 0
v 12 0
v 13 0
v 14 0
e 0 1 0
e 0 3 0
e 0 8 0
e 0 14 0
e 1 2 0
e 1 7 0
e 2 4 0
e 2 5 0
e 3 6 0
e 3 12 0
e 3 10 0
e 4 14 0
e 4 9 0
e 5 9 0
e 6 7 0
e 6 14 0
e 8 12 0
e 9 10 0
e 9 11 0
e 11 12 0
e 11 13 0
e 12 13 0
ID 5
v 0 0
v 1 0
v 2 0
v 3 0
v 4 0
v 5 0
v 6 0
v 7 0
v 8 0
v 9 0
v 10 0
v 11 0
v 12 0
v 13 0
e 0 1 0
e 0 5 0
e 0 6 0
e 0 9 0
e 0 10 0
e 1 2 0
e 1 10 0
e 1 11 0
e 1 13 0
e 1 6 0
e 2 3 0
e 2 9 0
e 3 4 0
e 3 8 0
e 4 7 0
e 5 9 0
e 6 12 0
e 7 8 0
e 8 10 0
e 8 13 0
ID 6
v 0 0
v 1 0
v 2 0
v 3 0
v 4 0
v 5 0
v 6 0
v 7 0
v 8 0
v 9 0
v 10 0
v 11 0
v 12 0
v 13 0
v 14 0
v 15 0
e 0 1 0
e 0 2 0
e 0 15 0
e 1 7 0
e 1 12 0
e 1 5 0
e 1 4 0
e 2 3 0
e 2 4 0
e 2 6 0
e 2 11 0
e 2 14 0
e 4 5 0
e 4 9 0
e 4 6 0
e 5 8 0
e 5 12 0
e 5 11 0
e 7 8 0
e 8 10 0
e 8 15 0
e 8 14 0
e 9 12 0
e 9 15 0
e 10 12 0
e 10 13 0
e 12 13 0
ID 7
v 0 0
v 1 0
v 2 0
v 3 0
v 4 0
v 5 0
v 6 0
v 7 0
v 8 0
v 9 0
v 10 0
v 11 0
v 12 0
e 0 1 0
e 0 2 0
e 0 12 0
e 1 8 0
e 2 3 0
e 2 4 0
e 2 7 0
e 3 12 0
e 3 9 0
e 4 5 0
e 4 9 0
e 4 6 0
e 5 6 0
e 5 10 0
e 6 9 0
e 9 11 0
e 9 12 0
e 10 11 0
ID 8
v 0 0
v 1 0
v 2 0
v 3 0
v 4 0
v 5 0
v 6 0
v 7 0
v 8 0
v 9 0
v 10 0
v 11 0
v 12 0
v 13 0
v 14 0
v 15 0
e 0 1 0
e 0 2 0
e 0 3 0
e 0 7 0
e 0 5 0
e 0 9 0
e 2 4 0
e 2 6 0
e 2 8 0
e 2 9 0
e 3 5 0
e 3 12 0
e 3 14 0
e 4 11 0
e 4 7 0
e 4 6 0
e 6 9 0
e 6 13 0
e 7 15 0
e 7 14 0
e 7 10 0
e 7 9 0
e 8 10 0
e 8 13 0
e 9 13 0
e 10 14 0
e 13 15 0
ID 9
v 0 0
v 1 0
v 2 0
v 3 0
v 4 0
v 5 0
v 6 0
v 7 0
v 8 0
v 9 0
v 10 0
v 11 0
v 12 0
e 0 1 0
e 0 2 0
e 1 6 0
e 1 8 0
e 1 11 0
e 2 3 0
e 2 4 0
e 2 5 0
e 2 10 0
e 4 5 0
e 4 7 0
e 5 12 0
e 6 10 0
e 7 9 0
e 7 11 0
e 9 11 0
e 9 12 0
e 10 12 0
ID 10
v 0 0
v 1 0
v 2 0
v 3 0
v 4 0
v 5 0
v 6 0
v 7 0
v 8 0
v 9 0
v 10 0
v 11 0
v 12 0
v 13 0
e 0 1 0
e 0 3 0
e 0 4 0
e 0 9 0
e 0 11 0
e 0 7 0
e 1 2 0
e 2 8 0
e 3 5 0
e 3 6 0
e 3 8 0
e 4 6 0
e 4 10 0
e 6 7 0
e 6 10 0
e 8 12 0
e 9 10 0
e 10 13 0
e 12 13 0
ID 11
v 0 0
v 1 0
v 2 0
v 3 0
v 4 0
v 5 0
v 6 0
v 7 0
v 8 0
v 9 0
v 10 0
v 11 0
v 12 0
v 13 0
v 14 0
e 0 1 0
e 0 3 0
e 1 2 0
e 1 11 0
e 2 3 0
e 2 4 0
e 2 7 0
e 2 9 0
e 3 5 0
e 3 8 0
e 3 10 0
e 3 11 0
e 3 13 0
e 4 10 0
e 5 6 0
e 5 11 0
e 6 12 0
e 7 9 0
e 7 11 0
e 8 13 0
e 9 14 0
e 10 11 0
e 11 14 0
ID 12
v 0 0
v 1 0
v 2 0
v 3 0
v 4 0
v 5 0
v 6 0
v 7 0
v 8 0
v 9 0
v 10 0
v 11 0
v 12 0
e 0 1 0
e 0 4 0
e 0 8 0
e 1 2 0
e 1 8 0
e 1 12 0
e 1 9 0
e 2 3 0
e 2 6 0
e 2 7 0
e 2 4 0
e 3 4 0
e 3 7 0
e 4 5 0
e 4 11 0
e 5 9 0
e 5 10 0
e 5 12 0
e 6 7 0
ID 13
v 0 0
v 1 0
v 2 0
v 3 0
v 4 0
v 5 0
v 6 0
v 7 0
v 8 0
v 9 0
v 10 0
v 11 0
v 12 0
v 13 0
e 0 1 0
e 0 8 0
e 1 2 0
e 1 9 0
e 1 5 0
e 2 3 0
e 2 7 0
e 3 4 0
e 3 5 0
e 3 13 0
e 4 6 0
e 5 11 0
e 7 12 0
e 7 8 0
e 8 10 0
e 8 12 0
e 12 13 0
ID 14
v 0 0
v 1 0
v 2 0
v 3 0
v 4 0
v 5 0
v 6 0
v 7 0
v 8 0
v 9 0
v 10 0
v 11 0
v 12 0
v 13 0
e 0 1 0
e 0 7 0
e 1 2 0
e 1 5 0
e 1 9 0
e 2 3 0
e 3 4 0
e 3 12 0
e 3 13 0
e 3 9 0
e 4 6 0
e 4 7 0
e 4 8 0
e 5 8 0
e 5 9 0
e 6 9 0
e 7 10 0
e 10 11 0
e 11 12 0
ID 15
v 0 0
v 1 0
v 2 0
v 3 0
v 4 0
v 5 0
v 6 0
v 7 0
v 8 0
v 9 0
v 10 0
v 11 0
v 12 0
v 13 0
v 14 0
v 15 0
e 0 1 0
e 0 5 0
e 0 8 0
e 1 2 0
e 2 3 0
e 2 4 0
e 3 4 0
e 3 8 0
e 3 13 0
e 3 15 0
e 4 6 0
e 4 12 0
e 5 15 0
e 5 6 0
e 5 12 0
e 6 7 0
e 6 11 0
e 6 12 0
e 7 9 0
e 7 14 0
e 7 10 0
e 8 11 0
e 9 10 0
e 9 11 0
e 10 15 0
ID 16
v 0 0
v 1 0
v 2 0
v 3 0
v 4 0
v 5 0
v 6 0
v 7 0
v 8 0
v 9 0
v 10 0
v 11 0
v 12 0
v 13 0
v 14 0
e 0 1 0
e 0 11 0
e 1 2 0
e 1 3 0
e 1 4 0
e 1 5 0
e 1 10 0
e 2 6 0
e 2 9 0
e 3 8 0
e 3 14 0
e 3 5 0
e 3 10 0
e 4 13 0
e 4 8 0
e 5 7 0
e 5 12 0
e 6 12 0
e 8 13 0
e 8 9 0
e 8 10 0
e 10 11 0
e 11 14 0
e 12 13 0
ID 17
v 0 0
v 1 0
v 2 0
v 3 0
v 4 0
v 5 0
v 6 0
v 7 0
v 8 0
v 9 0
v 10 0
v 11 0
v 12 0
v 13 0
v 14 0
v 15 0
v 16 0
e 0 1 0
e 0 6 0
e 0 4 0
e 0 9 0
e 0 10 0
e 0 5 0
e 0 16 0
e 1 2 0
e 1 12 0
e 1 5 0
e 2 3 0
e 2 11 0
e 2 4 0
e 3 4 0
e 3 7 0
e 3 10 0
e 4 5 0
e 4 9 0
e 4 13 0
e 5 11 0
e 5 14 0
e 6 8 0
e 6 14 0
e 6 15 0
e 7 13 0
e 7 16 0
e 8 16 0
e 10 13 0
e 12 15 0
ID 18
v 0 0
v 1 0
v 2 0
v 3 0
v 4 0
v 5 0
v 6 0
v 7 0
v 8 0
v 9 0
v 10 0
v 11 0
v 12 0
v 13 0
v 14 0
e 0 1 0
e 0 2 0
e 0 3 0
e 1 7 0
e 1 8 0
e 1 14 0
e 1 2 0
e 2 12 0
e 2 6 0
e 3 4 0
e 3 6 0
e 4 5 0
e 4 13 0
e 5 10 0
e 6 9 0
e 6 10 0
e 6 7 0
e 8 11 0
e 9 14 0
e 9 10 0
ID 19
v 0 0
v 1 0
v 2 0
v 3 0
v 4 0
v 5 0
v 6 0
v 7 0
v 8 0
v 9 0
v 10 0
v 11 0
v 12 0
v 13 0
v 14 0
v 15 0
e 0 1 0
e 0 5 0
e 0 6 0
e 0 14 0
e 0 7 0
e 1 2 0
e 2 3 0
e 2 7 0
e 2 12 0
e 3 4 0
e 3 9 0
e 3 10 0
e 3 11 0
e 4 10 0
e 4 15 0
e 5 8 0
e 5 14 0
e 5 13 0
e 5 7 0
e 7 15 0
e 9 12 0
e 10 13 0
e 11 14 0
e 14 15 0
ID 20
v 0 0
v 1 0
v 2 0
v 3 0
v 4 0
v 5 0
v 6 0
v 7 0
v 8 0
v 9 0
v 10 0
v 11 0
v 12 0
v 13 0
e 0 1 0
e 0 3 0
e 0 6 0
e 0 8 0
e 1 2 0
e 1 9 0
e 2 4 0
e 2 11 0
e 2 5 0
e 2 13 0
e 4 5 0
e 4 7 0
e 4 10 0
e 4 12 0
e 6 9 0
e 6 10 0
e 7 9 0
e 8 10 0
e 9 12 0
e 9 13 0
ID 21
v 0 0
v 1 0
v 2 0
v 3 0
v 4 0
v 5 0
v 6 0
v 7 0
v 8 0
v 9 0
v 10 0
v 11 0
v 12 0
v 13 0
v 14 0
e 0 1 0
e 0 2 0
e 0 3 0
e 0 4 0
e 0 6 0
e 0 11 0
e 1 5 0
e 2 5 0
e 2 8 0
e 2 4 0
e 2 10 0
e 3 12 0
e 3 6 0
e 3 8 0
e 4 14 0
e 4 10 0
e 5 7 0
e 6 10 0
e 6 14 0
e 8 9 0
e 8 13 0
ID 22
v 0 0
v 1 0
v 2 0
v 3 0
v 4 0
v 5 0
v 6 0
v 7 0
v 8 0
v 9 0
v 10 0
v 11 0
v 12 0
v 13 0
v 14 0
e 0 1 0
e 0 5 0
e 0 12 0
e 0 3 0
e 1 2 0
e 1 14 0
e 1 12 0
e 1 5 0
e 2 3 0
e 2 4 0
e 2 9 0
e 2 5 0
e 3 6 0
e 3 7 0
e 3 5 0
e 4 8 0
e 4 9 0
e 5 10 0
e 5 14 0
e 6 13 0
e 7 12 0
e 9 11 0
e 10 11 0
ID 23
v 0 0
v 1 0
v 2 0
v 3 0
v 4 0
v 5 0
v 6 0
v 7 0
v 8 0
v 9 0
v 10 0
v 11 0
v 12 0
v 13 0
e 0 1 0
e 0 3 0
e 0 4 0
e 0 5 0
e 0 6 0
e 1 2 0
e 1 13 0
e 2 11 0
e 3 4 0
e 3 5 0
e 3 11 0
e 5 6 0
e 5 7 0
e 6 8 0
e 6 12 0
e 6 13 0
e 8 9 0
e 8 10 0
e 9 11 0
e 10 12 0
ID 24
v 0 0
v 1 0
v 2 0
v 3 0
v 4 0
v 5 0
v 6 0
v 7 0
v 8 0
v 9 0
v 10 0
v 11 0
v 12 0
v 13 0
e 0 1 0
e 0 2 0
e 1 5 0
e 1 6 0
e 1 2 0
e 1 12 0
e 2 3 0
e 2 4 0
e 2 7 0
e 2 11 0
e 3 8 0
e 3 9 0
e 4 10 0
e 5 13 0
e 7 9 0
e 7 11 0
e 8 11 0
e 8 12 0
e 9 11 0
e 9 12 0
ID 25
v 0 0
v 1 0
v 2 0
v 3 0
v 4 0
v 5 0
v 6 0
v 7 0
v 8 0
v 9 0
v 10 0
v 11 0
v 12 0
v 13 0
v 14 0
v 15 0
e 0 1 0
e 0 2 0
e 0 3 0
e 0 4 0
e 0 9 0
e 0 7 0
e 0 13 0
e 1 7 0
e 1 11 0
e 1 5 0
e 2 5 0
e 2 6 0
e 2 10 0
e 2 13 0
e 3 8 0
e 3 14 0
e 4 12 0
e 4 15 0
e 5 9 0
e 5 15 0
e 6 11 0
e 11 15 0
e 11 13 0
e 12 13 0
e 12 15 0
ID 26
v 0 0
v 1 0
v 2 0
v 3 0
v 4 0
v 5 0
v 6 0
v 7 0
v 8 0
v 9 0
v 10 0
v 11 0
v 12 0
v 13 0
e 0 1 0
e 1 2 0
e 1 6 0
e 2 3 0
e 2 4 0
e 2 8 0
e 2 10 0
e 3 5 0
e 3 13 0
e 3 4 0
e 4 7 0
e 4 9 0
e 5 9 0
e 6 12 0
e 7 10 0
e 7 13 0
e 8 10 0
e 8 13 0
e 9 11 0
e 10 11 0
e 11 12 0
ID 27
v 0 0
v 1 0
v 2 0
v 3 0
v 4 0
v 5 0
v 6 0
v 7 0
v 8 0
v 9 0
v 10 0
v 11 0
e 0 1 0
e 0 2 0
e 0 6 0
e 1 4 0
e 1 7 0
e 1 5 0
e 1 9 0
e 2 3 0
e 2 8 0
e 3 5 0
e 3 8 0
e 6 10 0
e 6 9 0
e 8 9 0
e 10 11 0
ID 28
v 0 0
v 1 0
v 2 0
v 3 0
v 4 0
v 5 0
v 6 0
v 7 0
v 8 0
v 9 0
v 10 0
v 11 0
v 12 0
v 13 0
e 0 1 0
e 0 3 0
e 1 2 0
e 1 6 0
e 1 10 0
e 1 12 0
e 2 8 0
e 3 4 0
e 3 5 0
e 4 12 0
e 4 13 0
e 4 6 0
e 5 7 0
e 6 7 0
e 7 9 0
e 7 11 0
e 7 8 0
e 8 11 0
e 8 12 0
e 10 13 0
ID 29
v 0 0
v 1 0
v 2 0
v 3 0
v 4 0
v 5 0
v 6 0
v 7 0
v 8 0
v 9 0
v 10 0
v 11 0
v 12 0
v 13 0
e 0 1 0
e 0 3 0
e 0 4 0
e 0 9 0
e 0 12 0
e 0 13 0
e 1 2 0
e 1 6 0
e 2 5 0
e 2 12 0
e 2 13 0
e 3 9 0
e 4 7 0
e 4 9 0
e 4 6 0
e 7 8 0
e 7 10 0
e 8 10 0
e 10 11 0
e 11 13 0
ID 30
v 0 0
v 1 0
v 2 0
v 3 0
v 4 0
v 5 0
v 6 0
v 7 0
v 8 0
v 9 0
v 10 0
v 11 0
v 12 0
v 13 0
v 14 0
e 0 1 0
e 0 2 0
e 0 4 0
e 0 5 0
e 0 6 0
e 0 10 0
e 0 8 0
e 0 14 0
e 1 6 0
e 1 9 0
e 1 10 0
e 1 11 0
e 2 3 0
e 3 9 0
e 4 8 0
e 4 9 0
e 5 13 0
e 6 7 0
e 6 12 0
e 6 14 0
e 7 8 0
e 8 14 0
e 9 11 0
e 11 14 0
ID 31
v 0 0
v 1 0
v 2 0
v 3 0
v 4 0
v 5 0
v 6 0
v 7 0
v 8 0
v 9 0
v 10 0
v 11 0
v 12 0
v 13 0
e 0 1 0
e 0 2 0
e 0 3 0
e 0 9 0
e 0 13 0
e 0 4 0
e 1 4 0
e 1 10 0
e 2 8 0
e 3 7 0
e 3 11 0
e 3 12 0
e 4 5 0
e 4 6 0
e 4 12 0
e 5 12 0
e 5 6 0
e 5 11 0
e 6 10 0
e 7 8 0
e 8 10 0
ID 32
v 0 0
v 1 0
v 2 0
v 3 0
v 4 0
v 5 0
v 6 0
v 7 0
v 8 0
v 9 0
v 10 0
v 11 0
v 12 0
v 13 0
v 14 0
v 15 0
v 16 0
e 0 1 0
e 0 4 0
e 0 15 0
e 0 5 0
e 1 2 0
e 1 3 0
e 1 5 0
e 1 6 0
e 2 12 0
e 2 14 0
e 2 9 0
e 2 10 0
e 2 15 0
e 3 16 0
e 3 14 0
e 3 8 0
e 4 6 0
e 5 13 0
e 6 7 0
e 6 8 0
e 6 14 0
e 7 9 0
e 8 10 0
e 8 15 0
e 9 11 0
e 9 13 0
e 10 16 0
e 11 12 0
ID 33
v 0 0
v 1 0
v 2 0
v 3 0
v 4 0
v 5 0
v 6 0
v 7 0
v 8 0
v 9 0
v 10 0
v 11 0
v 12 0
v 13 0
v 14 0
e 0 1 0
e 0 3 0
e 0 5 0
e 0 11 0
e 0 10 0
e 1 2 0
e 1 9 0
e 1 12 0
e 2 6 0
e 2 13 0
e 3 4 0
e 3 14 0
e 3 7 0
e 4 13 0
e 5 10 0
e 5 13 0
e 5 12 0
e 6 7 0
e 6 8 0
e 8 12 0
e 8 9 0
e 10 14 0
e 10 13 0
e 12 14 0
ID 34
v 0 0
v 1 0
v 2 0
v 3 0
v 4 0
v 5 0
v 6 0
v 7 0
v 8 0
v 9 0
v 10 0
v 11 0
v 12 0
e 0 1 0
e 0 2 0
e 0 7 0
e 0 4 0
e 1 4 0
e 1 5 0
e 1 3 0
e 2 3 0
e 2 9 0
e 2 12 0
e 2 6 0
e 3 8 0
e 5 6 0
e 6 10 0
e 6 11 0
e 7 9 0
e 8 9 0
ID 35
v 0 0
v 1 0
v 2 0
v 3 0
v 4 0
v 5 0
v 6 0
v 7 0
v 8 0
v 9 0
v 10 0
v 11 0
v 12 0
v 13 0
e 0 1 0
e 0 8 0
e 1 2 0
e 1 11 0
e 2 3 0
e 2 4 0
e 2 7 0
e 3 5 0
e 3 9 0
e 3 4 0
e 3 7 0
e 4 8 0
e 5 6 0
e 5 7 0
e 5 8 0
e 6 13 0
e 6 12 0
e 7 10 0
e 8 13 0
e 9 12 0
ID 36
v 0 0
v 1 0
v 2 0
v 3 0
v 4 0
v 5 0
v 6 0
v 7 0
v 8 0
v 9 0
v 10 0
v 11 0
v 12 0
v 13 0
v 14 0
v 15 0
e 0 1 0
e 0 3 0
e 0 5 0
e 1 2 0
e 1 6 0
e 1 7 0
e 1 11 0
e 1 8 0
e 2 9 0
e 2 5 0
e 3 4 0
e 3 12 0
e 4 10 0
e 4 6 0
e 4 5 0
e 5 15 0
e 7 8 0
e 7 13 0
e 7 15 0
e 7 14 0
e 8 13 0
e 8 9 0
e 8 10 0
e 9 14 0
e 9 12 0
e 12 14 0
ID 37
v 0 0
v 1 0
v 2 0
v 3 0
v 4 0
v 5 0
v 6 0
v 7 0
v 8 0
v 9 0
v 10 0
v 11 0
v 12 0
e 0 1 0
e 0 10 0
e 1 2 0
e 1 11 0
e 2 3 0
e 2 7 0
e 2 12 0
e 2 5 0
e 3 4 0
e 3 8 0
e 3 12 0
e 3 5 0
e 4 5 0
e 4 9 0
e 5 6 0
e 9 12 0
ID 38
v 0 0
v 1 0
v 2 0
v 3 0
v 4 0
v 5 0
v 6 0
v 7 0
v 8 0
v 9 0
v 10 0
v 11 0
v 12 0
v 13 0
v 14 0
e 0 1 0
e 0 2 0
e 0 6 0
e 0 7 0
e 1 3 0
e 1 7 0
e 2 4 0
e 2 5 0
e 2 10 0
e 2 11 0
e 3 6 0
e 3 10 0
e 3 12 0
e 3 5 0
e 4 8 0
e 4 9 0
e 5 13 0
e 6 14 0
e 8 12 0
e 9 14 0
e 9 13 0
e 10 13 0
e 10 11 0
ID 39
v 0 0
v 1 0
v 2 0
v 3 0
v 4 0
v 5 0
v 6 0
v 7 0
v 8 0
v 9 0
v 10 0
e 0 1 0
e 0 5 0
e 0 7 0
e 1 2 0
e 1 3 0
e 1 4 0
e 2 8 0
e 5 6 0
e 5 9 0
e 5 10 0
e 7 8 0
e 9 10 0
ID 40
v 0 0
v 1 0
v 2 0
v 3 0
v 4 0
v 5 0
v 6 0
v 7 0
v 8 0
v 9 0
v 10 0
v 11 0
v 12 0
v 13 0
v 14 0
e 0 1 0
e 0 2 0
e 0 5 0
e 0 12 0
e 1 11 0
e 1 7 0
e 2 3 0
e 2 4 0
e 2 9 0
e 3 7 0
e 3 10 0
e 5 6 0
e 5 8 0
e 5 12 0
e 5 14 0
e 5 11 0
e 6 13 0
e 6 12 0
e 7 14 0
e 7 13 0
e 7 8 0
e 10 11 0
e 10 14 0
ID 41
v 0 0
v 1 0
v 2 0
v 3 0
v 4 0
v 5 0
v 6 0
v 7 0
v 8 0
v 9 0
v 10 0
v 11 0
v 12 0
e 0 1 0
e 0 2 0
e 0 5 0
e 1 3 0
e 1 4 0
e 1 6 0
e 1 12 0
e 1 8 0
e 4 10 0
e 5 7 0
e 6 8 0
e 6 7 0
e 7 9 0
e 7 12 0
e 7 11 0
e 9 11 0
ID 42
v 0 0
v 1 0
v 2 0
v 3 0
v 4 0
v 5 0
v 6 0
v 7 0
v 8 0
v 9 0
v 10 0
v 11 0
v 12 0
v 13 0
v 14 0
e 0 1 0
e 0 2 0
e 0 9 0
e 0 6 0
e 1 11 0
e 2 3 0
e 2 9 0
e 2 6 0
e 2 7 0
e 3 4 0
e 3 5 0
e 3 14 0
e 3 9 0
e 3 13 0
e 4 8 0
e 4 10 0
e 5 6 0
e 5 7 0
e 5 14 0
e 6 12 0
e 7 9 0
e 10 13 0
e 11 12 0
e 13 14 0
ID 43
v 0 0
v 1 0
v 2 0
v 3 0
v 4 0
v 5 0
v 6 0
v 7 0
v 8 0
e 0 1 0
e 0 3 0
e 1 2 0
e 2 4 0
e 2 5 0
e 2 6 0
e 2 7 0
e 5 8 0
ID 44
v 0 0
v 1 0
v 2 0
v 3 0
v 4 0
v 5 0
v 6 0
v 7 0
v 8 0
v 9 0
v 10 0
v 11 0
e 0 1 0
e 0 2 0
e 0 3 0
e 0 5 0
e 1 7 0
e 1 9 0
e 2 4 0
e 2 6 0
e 2 7 0
e 2 9 0
e 2 10 0
e 3 11 0
e 4 7 0
e 5 9 0
e 6 8 0
ID 45
v 0 0
v 1 0
v 2 0
v 3 0
v 4 0
v 5 0
v 6 0
v 7 0
v 8 0
v 9 0
e 0 1 0
e 0 3 0
e 0 4 0
e 0 8 0
e 1 2 0
e 2 6 0
e 3 7 0
e 4 5 0
e 4 7 0
e 6 9 0
ID 46
v 0 0
v 1 0
v 2 0
v 3 0
v 4 0
v 5 0
v 6 0
v 7 0
v 8 0
v 9 0
v 10 0
v 11 0
v 12 0
e 0 1 0
e 0 2 0
e 0 7 0
e 0 8 0
e 0 9 0
e 1 3 0
e 1 4 0
e 2 5 0
e 2 10 0
e 2 3 0
e 3 11 0
e 4 6 0
e 4 9 0
e 5 10 0
e 5 11 0
e 5 7 0
e 9 12 0
e 11 12 0
ID 47
v 0 0
v 1 0
v 2 0
v 3 0
v 4 0
v 5 0
v 6 0
v 7 0
v 8 0
v 9 0
v 10 0
v 11 0
v 12 0
v 13 0
v 14 0
v 15 0
v 16 0
v 17 0
e 0 1 0
e 0 7 0
e 0 13 0
e 1 2 0
e 1 6 0
e 1 17 0
e 1 4 0
e 2 3 0
e 2 5 0
e 2 8 0
e 2 9 0
e 2 10 0
e 2 11 0
e 3 4 0
e 3 15 0
e 3 6 0
e 4 14 0
e 4 10 0
e 4 9 0
e 5 14 0
e 8 9 0
e 8 13 0
e 9 13 0
e 9 15 0
e 10 12 0
e 10 15 0
e 11 14 0
e 13 15 0
e 15 16 0
ID 48
v 0 0
v 1 0
v 2 0
v 3 0
v 4 0
v 5 0
v 6 0
v 7 0
v 8 0
v 9 0
v 10 0
e 0 1 0
e 0 2 0
e 0 4 0
e 0 9 0
e 1 6 0
e 1 8 0
e 2 3 0
e 2 10 0
e 3 9 0
e 4 5 0
e 5 7 0
e 6 8 0
ID 49
v 0 0
v 1 0
v 2 0
v 3 0
v 4 0
v 5 0
v 6 0
v 7 0
v 8 0
v 9 0
v 10 0
v 11 0
v 12 0
e 0 1 0
e 0 5 0
e 1 2 0
e 1 4 0
e 1 7 0
e 1 10 0
e 1 12 0
e 1 9 0
e 2 3 0
e 2 9 0
e 3 6 0
e 3 8 0
e 3 9 0
e 5 8 0
e 7 11 0
e 8 11 0
e 8 10 0
ID 50
v 0 0
v 1 0
v 2 0
v 3 0
v 4 0
v 5 0
v 6 0
v 7 0
v 8 0
v 9 0
v 10 0
v 11 0
v 12 0
e 0 1 0
e 0 2 0
e 0 3 0
e 0 9 0
e 1 6 0
e 1 7 0
e 1 12 0
e 1 11 0
e 2 5 0
e 2 4 0
e 2 11 0
e 3 4 0
e 3 8 0
e 3 10 0
e 3 11 0
e 3 12 0
e 5 8 0
ID 51
v 0 0
v 1 0
v 2 0
v 3 0
v 4 0
v 5 0
v 6 0
v 7 0
v 8 0
v 9 0
v 10 0
v 11 0
v 12 0
v 13 0
e 0 1 0
e 0 2 0
e 0 5 0
e 0 6 0
e 0 4 0
e 1 3 0
e 1 12 0
e 1 2 0
e 1 5 0
e 2 4 0
e 3 12 0
e 4 9 0
e 6 7 0
e 6 10 0
e 7 8 0
e 7 10 0
e 8 11 0
e 9 11 0
e 10 12 0
e 11 13 0
ID 52
v 0 0
v 1 0
v 2 0
v 3 0
v 4 0
v 5 0
v 6 0
v 7 0
v 8 0
v 9 0
e 0 1 0
e 0 2 0
e 0 4 0
e 0 6 0
e 0 9 0
e 1 7 0
e 2 3 0
e 2 8 0
e 4 5 0
e 4 8 0
ID 53
v 0 0
v 1 0
v 2 0
v 3 0
v 4 0
v 5 0
v 6 0
v 7 0
v 8 0
v 9 0
v 10 0
v 11 0
v 12 0
v 13 0
v 14 0
v 15 0
e 0 1 0
e 0 9 0
e 0 6 0
e 1 2 0
e 1 5 0
e 1 7 0
e 1 14 0
e 1 13 0
e 2 3 0
e 2 15 0
e 3 4 0
e 3 8 0
e 4 6 0
e 4 12 0
e 4 8 0
e 4 13 0
e 5 10 0
e 5 7 0
e 6 7 0
e 6 13 0
e 6 11 0
e 7 11 0
e 7 12 0
e 8 13 0
e 10 11 0
e 11 15 0
e 12 14 0
ID 54
v 0 0
v 1 0
v 2 0
v 3 0
v 4 0
v 5 0
v 6 0
v 7 0
v 8 0
v 9 0
v 10 0
v 11 0
v 12 0
e 0 1 0
e 0 2 0
e 0 4 0
e 0 9 0
e 0 10 0
e 1 3 0
e 1 7 0
e 2 6 0
e 2 7 0
e 2 12 0
e 2 11 0
e 2 9 0
e 3 5 0
e 3 8 0
e 4 10 0
e 9 11 0
ID 55
v 0 0
v 1 0
v 2 0
v 3 0
v 4 0
v 5 0
v 6 0
v 7 0
v 8 0
v 9 0
v 10 0
v 11 0
v 12 0
v 13 0
v 14 0
v 15 0
e 0 1 0
e 0 3 0
e 0 5 0
e 0 6 0
e 1 2 0
e 1 4 0
e 1 13 0
e 1 3 0
e 1 6 0
e 2 7 0
e 2 10 0
e 2 3 0
e 3 15 0
e 4 12 0
e 4 6 0
e 6 11 0
e 6 10 0
e 7 8 0
e 7 14 0
e 7 15 0
e 8 9 0
e 8 15 0
e 8 14 0
e 12 13 0
e 13 14 0
ID 56
v 0 0
v 1 0
v 2 0
v 3 0
v 4 0
v 5 0
v 6 0
v 7 0
v 8 0
v 9 0
v 10 0
v 11 0
v 12 0
v 13 0
v 14 0
e 0 1 0
e 0 2 0
e 0 11 0
e 1 4 0
e 1 5 0
e 1 14 0
e 1 2 0
e 1 7 0
e 2 3 0
e 2 6 0
e 2 7 0
e 2 8 0
e 2 10 0
e 2 14 0
e 3 9 0
e 3 6 0
e 4 8 0
e 5 10 0
e 6 9 0
e 7 12 0
e 7 13 0
e 10 13 0
ID 57
v 0 0
v 1 0
v 2 0
v 3 0
v 4 0
v 5 0
v 6 0
v 7 0
v 8 0
v 9 0
v 10 0
v 11 0
v 12 0
v 13 0
v 14 0
e 0 1 0
e 0 2 0
e 0 8 0
e 1 10 0
e 1 13 0
e 2 3 0
e 2 9 0
e 2 6 0
e 3 4 0
e 3 5 0
e 3 6 0
e 3 7 0
e 5 7 0
e 5 9 0
e 6 14 0
e 6 7 0
e 8 10 0
e 8 13 0
e 8 14 0
e 9 11 0
e 10 11 0
e 11 12 0
e 12 13 0
ID 58
v 0 0
v 1 0
v 2 0
v 3 0
v 4 0
v 5 0
v 6 0
v 7 0
v 8 0
v 9 0
v 10 0
v 11 0
v 12 0
v 13 0
e 0 1 0
e 0 2 0
e 0 6 0
e 0 8 0
e 0 9 0
e 1 4 0
e 1 10 0
e 1 9 0
e 2 3 0
e 2 7 0
e 3 12 0
e 4 5 0
e 4 8 0
e 4 11 0
e 5 9 0
e 5 11 0
e 7 13 0
e 7 8 0
e 9 12 0
ID 59
v 0 0
v 1 0
v 2 0
v 3 0
v 4 0
v 5 0
v 6 0
v 7 0
v 8 0
v 9 0
v 10 0
v 11 0
v 12 0
v 13 0
v 14 0
v 15 0
v 16 0
e 0 1 0
e 0 3 0
e 0 8 0
e 0 16 0
e 1 2 0
e 1 4 0
e 1 5 0
e 1 10 0
e 1 8 0
e 1 3 0
e 2 14 0
e 2 5 0
e 3 15 0
e 3 8 0
e 3 7 0
e 4 6 0
e 4 12 0
e 4 8 0
e 5 13 0
e 5 7 0
e 6 7 0
e 6 9 0
e 8 13 0
e 9 10 0
e 9 15 0
e 9 14 0
e 10 11 0
e 12 14 0
ID 60
v 0 0
v 1 0
v 2 0
v 3 0
v 4 0
v 5 0
v 6 0
v 7 0
v 8 0
v 9 0
v 10 0
v 11 0
v 12 0
v 13 0
v 14 0
v 15 0
v 16 0
e 0 1 0
e 0 2 0
e 0 4 0
e 0 10 0
e 0 15 0
e 1 3 0
e 2 5 0
e 2 6 0
e 2 8 0
e 2 9 0
e 3 11 0
e 3 13 0
e 3 5 0
e 4 14 0
e 5 6 0
e 6 7 0
e 8 9 0
e 8 10 0
e 9 14 0
e 10 15 0
e 10 16 0
e 10 11 0
e 10 13 0
e 11 12 0
e 12 15 0
e 15 16 0
ID 61
v 0 0
v 1 0
v 2 0
v 3 0
v 4 0
v 5 0
v 6 0
v 7 0
v 8 0
v 9 0
v 10 0
v 11 0
v 12 0
e 0 1 0
e 0 2 0
e 0 12 0
e 0 4 0
e 1 4 0
e 1 10 0
e 1 8 0
e 2 3 0
e 2 6 0
e 2 4 0
e 3 5 0
e 3 4 0
e 4 7 0
e 5 11 0
e 6 8 0
e 6 9 0
e 7 9 0
e 7 11 0
ID 62
v 0 0
v 1 0
v 2 0
v 3 0
v 4 0
v 5 0
v 6 0
v 7 0
v 8 0
v 9 0
v 10 0
v 11 0
v 12 0
v 13 0
v 14 0
v 15 0
v 16 0
e 0 1 0
e 0 5 0
e 0 6 0
e 0 12 0
e 0 8 0
e 1 2 0
e 1 13 0
e 2 3 0
e 2 14 0
e 3 4 0
e 3 9 0
e 3 14 0
e 4 11 0
e 4 15 0
e 5 16 0
e 5 11 0
e 6 7 0
e 6 8 0
e 6 10 0
e 6 11 0
e 7 13 0
e 8 13 0
e 8 9 0
e 8 12 0
e 9 11 0
e 9 16 0
e 9 12 0
e 11 16 0
ID 63
v 0 0
v 1 0
v 2 0
v 3 0
v 4 0
v 5 0
v 6 0
v 7 0
v 8 0
v 9 0
v 10 0
v 11 0
v 12 0
e 0 1 0
e 0 2 0
e 1 4 0
e 1 12 0
e 1 9 0
e 2 3 0
e 2 11 0
e 2 10 0
e 3 5 0
e 3 6 0
e 3 7 0
e 3 8 0
e 3 10 0
e 3 12 0
e 4 10 0
e 5 10 0
e 6 9 0
e 7 10 0
ID 64
v 0 0
v 1 0
v 2 0
v 3 0
v 4 0
v 5 0
v 6 0
v 7 0
v 8 0
v 9 0
v 10 0
v 11 0
v 12 0
v 13 0
e 0 1 0
e 0 2 0
e 0 4 0
e 0 5 0
e 0 11 0
e 1 7 0
e 1 9 0
e 2 3 0
e 2 6 0
e 2 11 0
e 3 8 0
e 3 10 0
e 4 5 0
e 4 10 0
e 4 13 0
e 4 9 0
e 5 12 0
e 8 11 0
e 10 12 0
e 11 12 0
ID 65
v 0 0
v 1 0
v 2 0
v 3 0
v 4 0
v 5 0
v 6 0
v 7 0
v 8 0
e 0 1 0
e 0 5 0
e 1 2 0
e 1 3 0
e 2 4 0
e 2 6 0
e 3 7 0
e 3 8 0
e 3 6 0
ID 66
v 0 0
v 1 0
v 2 0
v 3 0
v 4 0
v 5 0
v 6 0
v 7 0
v 8 0
v 9 0
v 10 0
v 11 0
v 12 0
v 13 0
e 0 1 0
e 0 2 0
e 0 8 0
e 1 3 0
e 1 6 0
e 2 7 0
e 2 10 0
e 3 4 0
e 3 11 0
e 3 9 0
e 4 5 0
e 5 13 0
e 5 8 0
e 6 9 0
e 6 7 0
e 6 8 0
e 7 12 0
e 8 9 0
e 9 12 0
ID 67
v 0 0
v 1 0
v 2 0
v 3 0
v 4 0
v 5 0
v 6 0
v 7 0
v 8 0
v 9 0
v 10 0
v 11 0
v 12 0
v 13 0
v 14 0
v 15 0
e 0 1 0
e 0 2 0
e 0 3 0
e 0 5 0
e 0 8 0
e 0 9 0
e 1 12 0
e 1 7 0
e 1 10 0
e 1 15 0
e 2 4 0
e 3 11 0
e 3 10 0
e 4 6 0
e 4 12 0
e 5 7 0
e 5 10 0
e 6 15 0
e 7 9 0
e 8 13 0
e 8 11 0
e 10 11 0
e 11 13 0
e 12 14 0
ID 68
v 0 0
v 1 0
v 2 0
v 3 0
v 4 0
v 5 0
v 6 0
v 7 0
v 8 0
v 9 0
v 10 0
v 11 0
v 12 0
e 0 1 0
e 0 2 0
e 0 3 0
e 0 4 0
e 1 10 0
e 2 10 0
e 3 5 0
e 3 6 0
e 3 7 0
e 3 8 0
e 4 11 0
e 4 8 0
e 6 8 0
e 6 9 0
e 9 12 0
e 10 11 0
e 10 12 0
ID 69
v 0 0
v 1 0
v 2 0
v 3 0
v 4 0
v 5 0
v 6 0
v 7 0
v 8 0
v 9 0
v 10 0
v 11 0
v 12 0
e 0 1 0
e 0 7 0
e 1 2 0
e 1 7 0
e 2 3 0
e 2 5 0
e 2 12 0
e 3 4 0
e 4 6 0
e 5 9 0
e 5 10 0
e 5 6 0
e 6 10 0
e 7 8 0
e 9 11 0
e 11 12 0
ID 70
v 0 0
v 1 0
v 2 0
v 3 0
v 4 0
v 5 0
v 6 0
v 7 0
v 8 0
v 9 0
v 10 0
v 11 0
v 12 0
v 13 0
v 14 0
e 0 1 0
e 0 2 0
e 0 9 0
e 0 10 0
e 0 11 0
e 0 14 0
e 1 3 0
e 1 12 0
e 2 4 0
e 3 13 0
e 4 5 0
e 4 6 0
e 5 8 0
e 6 7 0
e 6 8 0
e 6 11 0
e 7 13 0
e 7 10 0
e 7 14 0
e 8 12 0
e 13 14 0
ID 71
v 0 0
v 1 0
v 2 0
v 3 0
v 4 0
v 5 0
v 6 0
v 7 0
v 8 0
v 9 0
v 10 0
v 11 0
v 12 0
v 13 0
v 14 0
e 0 1 0
e 0 4 0
e 0 5 0
e 0 10 0
e 0 12 0
e 0 7 0
e 1 2 0
e 1 3 0
e 1 6 0
e 1 7 0
e 1 8 0
e 1 12 0
e 3 11 0
e 4 5 0
e 4 8 0
e 4 7 0
e 5 10 0
e 5 6 0
e 6 14 0
e 8 9 0
e 9 11 0
e 9 12 0
e 9 10 0
e 11 13 0
ID 72
v 0 0
v 1 0
v 2 0
v 3 0
v 4 0
v 5 0
v 6 0
v 7 0
v 8 0
v 9 0
v 10 0
v 11 0
v 12 0
e 0 1 0
e 0 6 0
e 0 8 0
e 1 2 0
e 1 3 0
e 1 4 0
e 1 5 0
e 1 12 0
e 1 9 0
e 2 4 0
e 2 5 0
e 4 11 0
e 5 7 0
e 5 9 0
e 6 10 0
e 6 7 0
e 10 12 0
ID 73
v 0 0
v 1 0
v 2 0
v 3 0
v 4 0
v 5 0
v 6 0
v 7 0
v 8 0
v 9 0
v 10 0
v 11 0
v 12 0
v 13 0
e 0 1 0
e 0 7 0
e 0 2 0
e 1 2 0
e 1 3 0
e 1 7 0
e 2 4 0
e 2 9 0
e 2 11 0
e 3 5 0
e 4 6 0
e 4 10 0
e 5 13 0
e 7 8 0
e 7 11 0
e 7 13 0
e 8 11 0
e 11 12 0
ID 74
v 0 0
v 1 0
v 2 0
v 3 0
v 4 0
v 5 0
v 6 0
v 7 0
v 8 0
v 9 0
v 10 0
v 11 0
v 12 0
v 13 0
v 14 0
v 15 0
e 0 1 0
e 0 4 0
e 0 6 0
e 0 10 0
e 0 11 0
e 0 7 0
e 1 2 0
e 1 3 0
e 1 5 0
e 1 14 0
e 1 15 0
e 2 9 0
e 2 13 0
e 3 7 0
e 3 12 0
e 4 8 0
e 6 14 0
e 6 8 0
e 6 13 0
e 6 11 0
e 7 13 0
e 8 15 0
e 9 11 0
e 10 12 0
e 12 13 0
ID 75
v 0 0
v 1 0
v 2 0
v 3 0
v 4 0
v 5 0
v 6 0
v 7 0
v 8 0
v 9 0
v 10 0
v 11 0
v 12 0
v 13 0
v 14 0
v 15 0
v 16 0
v 17 0
e 0 1 0
e 0 4 0
e 0 8 0
e 0 9 0
e 0 17 0
e 1 2 0
e 1 3 0
e 2 14 0
e 3 11 0
e 3 12 0
e 3 7 0
e 4 5 0
e 4 14 0
e 4 10 0
e 4 6 0
e 5 6 0
e 5 12 0
e 6 7 0
e 6 10 0
e 6 8 0
e 7 13 0
e 7 14 0
e 7 12 0
e 8 9 0
e 9 15 0
e 10 17 0
e 10 12 0
e 11 15 0
e 14 16 0
ID 76
v 0 0
v 1 0
v 2 0
v 3 0
v 4 0
v 5 0
v 6 0
v 7 0
v 8 0
v 9 0
v 10 0
v 11 0
e 0 1 0
e 0 9 0
e 1 2 0
e 1 3 0
e 1 8 0
e 2 4 0
e 2 7 0
e 3 7 0
e 3 8 0
e 3 5 0
e 4 5 0
e 5 6 0
e 5 10 0
e 8 10 0
e 10 11 0
ID 77
v 0 0
v 1 0
v 2 0
v 3 0
v 4 0
v 5 0
v 6 0
v 7 0
v 8 0
v 9 0
v 10 0
v 11 0
v 12 0
v 13 0
v 14 0
v 15 0
v 16 0
e 0 1 0
e 0 3 0
e 0 4 0
e 0 6 0
e 0 8 0
e 0 11 0
e 1 2 0
e 1 9 0
e 1 12 0
e 1 14 0
e 2 13 0
e 2 14 0
e 3 7 0
e 3 13 0
e 3 11 0
e 4 5 0
e 4 8 0
e 5 15 0
e 7 15 0
e 7 12 0
e 8 10 0
e 8 9 0
e 9 14 0
e 9 11 0
e 10 14 0
e 11 16 0
ID 78
v 0 0
v 1 0
v 2 0
v 3 0
v 4 0
v 5 0
v 6 0
v 7 0
v 8 0
v 9 0
v 10 0
v 11 0
v 12 0
v 13 0
v 14 0
v 15 0
e 0 1 0
e 0 13 0
e 0 10 0
e 1 2 0
e 1 9 0
e 1 4 0
e 1 14 0
e 2 3 0
e 2 6 0
e 2 8 0
e 2 10 0
e 3 4 0
e 3 10 0
e 3 8 0
e 4 5 0
e 4 7 0
e 5 12 0
e 6 13 0
e 8 13 0
e 8 15 0
e 9 15 0
e 10 11 0
e 10 15 0
e 11 14 0
e 11 15 0
e 11 13 0
e 13 15 0
ID 79
v 0 0
v 1 0
v 2 0
v 3 0
v 4 0
v 5 0
v 6 0
v 7 0
v 8 0
v 9 0
v 10 0
v 11 0
v 12 0
v 13 0
v 14 0
v 15 0
e 0 1 0
e 0 2 0
e 0 15 0
e 0 11 0
e 1 6 0
e 1 13 0
e 1 2 0
e 1 11 0
e 2 3 0
e 2 14 0
e 3 4 0
e 3 12 0
e 4 5 0
e 4 10 0
e 4 11 0
e 4 9 0
e 4 14 0
e 5 9 0
e 5 13 0
e 5 12 0
e 6 7 0
e 7 8 0
e 8 11 0
e 10 14 0
ID 80
v 0 0
v 1 0
v 2 0
v 3 0
v 4 0
v 5 0
v 6 0
v 7 0
v 8 0
v 9 0
v 10 0
v 11 0
v 12 0
e 0 1 0
e 0 2 0
e 0 3 0
e 0 4 0
e 0 9 0
e 1 5 0
e 1 6 0
e 1 7 0
e 1 9 0
e 1 12 0
e 2 8 0
e 2 11 0
e 3 4 0
e 3 11 0
e 4 9 0
e 6 10 0
e 7 8 0
e 8 12 0
e 10 12 0
ID 81
v 0 0
v 1 0
v 2 0
v 3 0
v 4 0
v 5 0
v 6 0
v 7 0
v 8 0
v 9 0
v 10 0
v 11 0
v 12 0
v 13 0
v 14 0
e 0 1 0
e 0 2 0
e 0 6 0
e 0 10 0
e 0 4 0
e 1 4 0
e 1 9 0
e 1 14 0
e 2 3 0
e 2 11 0
e 2 13 0
e 3 5 0
e 3 7 0
e 3 11 0
e 4 7 0
e 4 13 0
e 4 12 0
e 5 12 0
e 5 9 0
e 6 8 0
e 6 14 0
e 7 11 0
e 11 12 0
e 11 14 0
e 12 13 0
ID 82
v 0 0
v 1 0
v 2 0
v 3 0
v 4 0
v 5 0
v 6 0
v 7 0
v 8 0
v 9 0
v 10 0
v 11 0
v 12 0
v 13 0
e 0 1 0
e 0 3 0
e 0 5 0
e 0 7 0
e 0 8 0
e 1 2 0
e 1 6 0
e 1 12 0
e 1 8 0
e 2 10 0
e 3 4 0
e 4 8 0
e 4 9 0
e 5 11 0
e 5 8 0
e 6 10 0
e 8 13 0
e 9 12 0
ID 83
v 0 0
v 1 0
v 2 0
v 3 0
v 4 0
v 5 0
v 6 0
v 7 0
v 8 0
v 9 0
v 10 0
v 11 0
v 12 0
v 13 0
e 0 1 0
e 0 9 0
e 1 2 0
e 1 4 0
e 1 10 0
e 1 12 0
e 1 13 0
e 2 3 0
e 2 5 0
e 2 11 0
e 2 6 0
e 3 10 0
e 4 6 0
e 4 8 0
e 5 7 0
e 6 12 0
e 9 10 0
e 10 13 0
e 10 11 0
e 12 13 0
ID 84
v 0 0
v 1 0
v 2 0
v 3 0
v 4 0
v 5 0
v 6 0
v 7 0
v 8 0
v 9 0
v 10 0
v 11 0
v 12 0
v 13 0
v 14 0
e 0 1 0
e 0 2 0
e 0 5 0
e 0 12 0
e 0 8 0
e 0 3 0
e 1 3 0
e 1 4 0
e 1 6 0
e 1 14 0
e 1 8 0
e 2 9 0
e 5 10 0
e 5 11 0
e 6 7 0
e 7 8 0
e 8 9 0
e 10 13 0
e 12 14 0
ID 85
v 0 0
v 1 0
v 2 0
v 3 0
v 4 0
v 5 0
v 6 0
v 7 0
v 8 0
v 9 0
v 10 0
v 11 0
v 12 0
e 0 1 0
e 0 2 0
e 0 6 0
e 0 10 0
e 0 9 0
e 1 9 0
e 1 11 0
e 2 3 0
e 2 5 0
e 2 8 0
e 3 4 0
e 3 7 0
e 3 9 0
e 4 5 0
e 7 11 0
e 9 11 0
e 10 12 0
ID 86
v 0 0
v 1 0
v 2 0
v 3 0
v 4 0
v 5 0
v 6 0
v 7 0
v 8 0
v 9 0
v 10 0
v 11 0
v 12 0
v 13 0
v 14 0
e 0 1 0
e 0 4 0
e 0 10 0
e 0 12 0
e 1 2 0
e 1 6 0
e 1 14 0
e 1 3 0
e 2 3 0
e 2 7 0
e 2 9 0
e 2 13 0
e 2 11 0
e 3 5 0
e 3 8 0
e 3 13 0
e 5 9 0
e 5 13 0
e 6 14 0
e 7 11 0
e 8 12 0
e 8 11 0
e 11 12 0
e 12 14 0
ID 87
v 0 0
v 1 0
v 2 0
v 3 0
v 4 0
v 5 0
v 6 0
v 7 0
v 8 0
v 9 0
v 10 0
v 11 0
v 12 0
e 0 1 0
e 0 3 0
e 0 9 0
e 0 10 0
e 0 2 0
e 1 2 0
e 1 4 0
e 2 5 0
e 2 6 0
e 3 12 0
e 4 8 0
e 4 7 0
e 5 7 0
e 6 11 0
e 9 12 0
ID 88
v 0 0
v 1 0
v 2 0
v 3 0
v 4 0
v 5 0
v 6 0
v 7 0
v 8 0
v 9 0
v 10 0
v 11 0
v 12 0
v 13 0
v 14 0
e 0 1 0
e 0 2 0
e 0 3 0
e 0 4 0
e 0 11 0
e 0 10 0
e 0 5 0
e 1 5 0
e 1 9 0
e 1 13 0
e 2 7 0
e 3 8 0
e 3 13 0
e 4 12 0
e 4 7 0
e 4 8 0
e 5 6 0
e 6 10 0
e 6 11 0
e 6 9 0
e 8 14 0
e 11 14 0
e 11 12 0
ID 89
v 0 0
v 1 0
v 2 0
v 3 0
v 4 0
v 5 0
v 6 0
v 7 0
v 8 0
v 9 0
v 10 0
v 11 0
v 12 0
v 13 0
e 0 1 0
e 0 2 0
e 0 5 0
e 0 13 0
e 0 3 0
e 1 4 0
e 2 3 0
e 2 6 0
e 3 10 0
e 3 11 0
e 3 12 0
e 4 6 0
e 4 8 0
e 5 7 0
e 5 9 0
e 5 8 0
e 6 12 0
e 6 10 0
e 6 13 0
e 7 9 0
ID 90
v 0 0
v 1 0
v 2 0
v 3 0
v 4 0
v 5 0
v 6 0
v 7 0
v 8 0
v 9 0
v 10 0
v 11 0
v 12 0
e 0 1 0
e 0 2 0
e 0 8 0
e 0 10 0
e 1 5 0
e 1 11 0
e 1 4 0
e 2 3 0
e 2 6 0
e 2 10 0
e 3 4 0
e 3 10 0
e 3 11 0
e 4 9 0
e 6 7 0
e 8 11 0
e 10 12 0
ID 91
v 0 0
v 1 0
v 2 0
v 3 0
v 4 0
v 5 0
v 6 0
v 7 0
v 8 0
v 9 0
v 10 0
v 11 0
v 12 0
e 0 1 0
e 0 4 0
e 1 2 0
e 2 3 0
e 2 5 0
e 2 9 0
e 2 8 0
e 3 8 0
e 3 12 0
e 3 5 0
e 3 9 0
e 4 6 0
e 4 10 0
e 6 7 0
e 6 12 0
e 6 10 0
e 6 11 0
e 7 8 0
e 8 11 0
e 11 12 0
ID 92
v 0 0
v 1 0
v 2 0
v 3 0
v 4 0
v 5 0
v 6 0
v 7 0
v 8 0
v 9 0
v 10 0
v 11 0
v 12 0
v 13 0
v 14 0
e 0 1 0
e 0 9 0
e 0 3 0
e 1 2 0
e 1 5 0
e 2 3 0
e 2 6 0
e 2 8 0
e 2 7 0
e 2 4 0
e 3 4 0
e 4 10 0
e 4 9 0
e 5 7 0
e 5 11 0
e 7 14 0
e 8 12 0
e 8 10 0
e 11 12 0
e 12 13 0
ID 93
v 0 0
v 1 0
v 2 0
v 3 0
v 4 0
v 5 0
v 6 0
v 7 0
v 8 0
v 9 0
v 10 0
v 11 0
v 12 0
v 13 0
v 14 0
v 15 0
e 0 1 0
e 0 2 0
e 0 4 0
e 1 3 0
e 1 5 0
e 1 6 0
e 2 15 0
e 3 4 0
e 3 5 0
e 3 8 0
e 5 6 0
e 5 7 0
e 5 10 0
e 5 12 0
e 6 7 0
e 7 14 0
e 8 9 0
e 8 11 0
e 9 13 0
e 10 15 0
e 10 14 0
e 11 12 0
e 11 15 0
e 12 14 0
ID 94
v 0 0
v 1 0
v 2 0
v 3 0
v 4 0
v 5 0
v 6 0
v 7 0
v 8 0
v 9 0
v 10 0
v 11 0
v 12 0
v 13 0
v 14 0
e 0 1 0
e 0 2 0
e 0 8 0
e 0 10 0
e 0 7 0
e 0 14 0
e 1 3 0
e 2 4 0
e 3 7 0
e 3 8 0
e 3 4 0
e 4 5 0
e 4 6 0
e 4 9 0
e 4 10 0
e 6 12 0
e 7 11 0
e 7 14 0
e 8 13 0
e 8 14 0
e 8 11 0
e 11 12 0
ID 95
v 0 0
v 1 0
v 2 0
v 3 0
v 4 0
v 5 0
v 6 0
v 7 0
v 8 0
v 9 0
v 10 0
v 11 0
v 12 0
v 13 0
v 14 0
v 15 0
e 0 1 0
e 0 15 0
e 0 2 0
e 0 13 0
e 1 2 0
e 1 12 0
e 2 3 0
e 2 5 0
e 2 6 0
e 2 9 0
e 2 11 0
e 2 14 0
e 3 4 0
e 3 7 0
e 3 11 0
e 4 10 0
e 4 13 0
e 4 5 0
e 5 8 0
e 5 14 0
e 6 15 0
e 7 9 0
e 11 12 0
e 12 13 0
ID 96
v 0 0
v 1 0
v 2 0
v 3 0
v 4 0
v 5 0
v 6 0
v 7 0
v 8 0
v 9 0
v 10 0
v 11 0
v 12 0
v 13 0
e 0 1 0
e 0 11 0
e 1 2 0
e 1 3 0
e 1 4 0
e 1 8 0
e 2 5 0
e 2 10 0
e 2 13 0
e 2 12 0
e 4 6 0
e 4 12 0
e 5 6 0
e 5 7 0
e 6 7 0
e 7 12 0
e 7 11 0
e 8 9 0
e 8 13 0
e 9 13 0
e 10 12 0
ID 97
v 0 0
v 1 0
v 2 0
v 3 0
v 4 0
v 5 0
v 6 0
v 7 0
v 8 0
v 9 0
v 10 0
v 11 0
e 0 1 0
e 0 3 0
e 0 8 0
e 1 2 0
e 1 4 0
e 1 10 0
e 2 4 0
e 2 11 0
e 3 5 0
e 4 6 0
e 4 7 0
e 5 7 0
e 5 9 0
e 6 9 0
e 10 11 0
ID 98
v 0 0
v 1 0
v 2 0
v 3 0
v 4 0
v 5 0
v 6 0
v 7 0
v 8 0
v 9 0
v 10 0
v 11 0
v 12 0
v 13 0
v 14 0
e 0 1 0
e 1 2 0
e 1 8 0
e 1 4 0
e 1 11 0
e 1 14 0
e 1 9 0
e 2 3 0
e 2 12 0
e 2 13 0
e 2 7 0
e 3 4 0
e 3 5 0
e 3 7 0
e 3 14 0
e 4 14 0
e 5 6 0
e 5 8 0
e 6 12 0
e 7 14 0
e 8 9 0
e 9 10 0
e 9 14 0
e 10 11 0
ID 99
v 0 0
v 1 0
v 2 0
v 3 0
v 4 0
v 5 0
v 6 0
v 7 0
v 8 0
v 9 0
v 10 0
v 11 0
v 12 0
v 13 0
v 14 0
v 15 0
v 16 0
v 17 0
e 0 1 0
e 0 3 0
e 0 4 0
e 0 9 0
e 0 10 0
e 1 2 0
e 1 6 0
e 2 6 0
e 2 12 0
e 2 10 0
e 4 5 0
e 4 15 0
e 5 8 0
e 5 11 0
e 5 13 0
e 5 17 0
e 6 7 0
e 6 13 0
e 7 8 0
e 7 12 0
e 8 10 0
e 8 16 0
e 8 13 0
e 8 15 0
e 8 11 0
e 9 14 0
e 9 17 0
e 9 13 0
e 10 12 0
e 11 15 0
e 11 17 0
e 12 13 0
