0 0.0 [4958]
0 3.0 [18770, 19640]
0 4.0 [10140, 16650]
0 5.0 [16845]
0 6.0 [14007, 17964]
0 7.0 [1109, 2183, 4116, 6064, 8093, 10272, 12912, 16824]
0 8.0 [556, 776, 1744, 2822, 5670, 6019, 7157, 8162, 12830, 13280, 13803, 14639, 17531, 19703, 19727, 19997, 20126, 20528, 22126]
0 9.0 [184, 1105, 589, 4139, 6327, 6260, 7462, 9154, 11027, 18774, 18968, 19714, 22675]
0 10.0 [4986, 6888, 10317, 10673, 14239, 15842]
0 11.0 [2810, 3774, 5088, 9285, 9941, 15605, 17074, 18978, 21090]
0 12.0 [1656, 3710, 11489, 13752, 16590, 22473, 21546]
2 6.0 [18931]
2 10.0 [13590, 16925, 22104]
2 12.0 [11987, 15557, 14233]
3 4.0 [18172]
3 10.0 [21224]
3 11.0 [6980, 9529, 14587, 17915]
3 12.0 [2198, 1618, 7353, 18280]
4 0.0 [18043]
4 10.0 [7565, 11410, 15053]
4 12.0 [957, 14699, 14464, 20242]
5 0.0 [2696]
5 9.0 [1328]
5 11.0 [8818, 11633, 15267, 16989, 18112, 18622, 18822]
5 12.0 [8286, 2371, 12130, 18151]
6 0.0 [826]
6 5.0 [3581, 22591]
6 6.0 [4369, 21122]
6 7.0 [1270]
6 9.0 [3270, 3007]
6 10.0 [255, 7005, 10697]
6 11.0 [362, 5645, 640, 11391, 13212, 13750, 15754, 14614, 16486, 20699]
6 12.0 [8063, 7821, 10541, 12451, 8314, 12892, 15331, 18768, 19100, 16563, 15215, 18741, 18024, 21826, 21439, 21698]
7 7.0 [17353, 19605]
7 11.0 [4422, 7614, 9670, 7949, 12922, 20332]
7 12.0 [2196, 12538]
8 0.0 [12390]
8 11.0 [3253, 21685]
8 12.0 [2017, 8637]
9 2.0 [4140, 18459, 19076, 22430]
9 3.0 [15280, 16402, 17190]
9 4.0 [8783, 13213, 16193, 17547]
9 5.0 [13678]
9 6.0 [12365, 21937]
9 7.0 [822, 4016, 9515, 11426, 18914, 21389, 21468]
9 8.0 [4253, 5426, 10911, 12956, 15046, 15894, 17286, 19570, 20381]
9 9.0 [665, 2262, 2852, 4441, 7968, 9214, 9987, 12971, 13355, 13273, 15680, 13745, 17064, 18738, 20864]
9 10.0 [332, 1312, 1574, 1828, 1797, 1979, 2546, 2762, 1806, 3964, 6758, 6992, 8221, 10043, 10413, 8520, 10321, 7434, 14288, 10579, 15564, 17036, 18751, 19019, 18786, 21084, 22009, 20349]
9 11.0 [384, 4859, 4546, 4757, 4776, 5033, 4637, 6231, 5499, 6596, 5405, 11117, 11769, 13154, 15008, 15268, 18067, 19836, 20718, 21216, 2905, 19766, 19382, 22423, 22211]
9 12.0 [386, 587, 1748, 1437, 2819, 3208, 3970, 2391, 3937, 4584, 6011, 6634, 6892, 5463, 501, 9053, 8302, 10576, 11619, 11760, 11487, 12136, 11961, 12562, 6502, 13346, 14837, 3608, 15486, 14982, 16033, 17035, 18033, 17220, 18773, 3657, 19905, 20565, 20608, 10555, 18286, 16490, 14602, 11218, 15981, 19980, 19152, 3867, 6420, 9783]
10 0.0 [12265]
10 5.0 [6004, 17125, 17294, 19538]
10 8.0 [614, 15708, 15866, 21548]
10 9.0 [1702, 4354, 6245, 14489, 16143]
10 10.0 [2638, 3642, 3859, 4629, 8053, 9184, 11867, 16729, 21659, 22188, 22587]
10 11.0 [908, 3012, 5468, 7004, 9763, 9505, 12018, 17273, 18366, 20840, 21352]
10 12.0 [1447, 1565, 1402, 3179, 2390, 3632, 4602, 4939, 6219, 6454, 7459, 10252, 10953, 9088, 9552, 12379, 12777, 21416, 22684, 22557]
11 0.0 [12735, 18882, 20609]
11 3.0 [1868, 8467, 16705, 16967]
11 7.0 [2814, 6443, 9418, 17810]
11 12.0 [4410, 4850, 20386]
12 0.0 [1414]
12 1.0 [2376, 3195, 4916, 9957, 11771, 13364, 13665, 20220]
12 2.0 [2040, 2451, 2579, 2988, 4317, 6518, 7282, 12601, 12975, 13330, 14059, 19210, 20767]
12 3.0 [2284, 9411, 9749, 11741, 12424, 21692]
12 4.0 [1112, 10431]
12 6.0 [9579, 17307]
12 7.0 [4641, 17007, 22540, 22575]
12 8.0 [26, 2870, 5043, 8758, 10126, 9978, 10708, 10820, 13853, 18097, 19138, 21470]
12 9.0 [482, 311, 1488, 1962, 2157, 2719, 2931, 3540, 3807, 2973, 4534, 11092, 11868, 14612, 15921, 16209, 16364, 18849, 19290, 20665, 22424]
12 10.0 [172, 1060, 2355, 3112, 3938, 5246, 5812, 5447, 6065, 5711, 6318, 6514, 8407, 8884, 9665, 9674, 9870, 10421, 10940, 12749, 15735, 18485, 18502, 20276, 21020, 21472]
12 11.0 [1857, 3064, 6931, 6877, 8033, 11834, 11907, 12864, 13143, 13956, 14894, 17468, 20390, 20752, 21159, 20920]
12 12.0 [3220, 3009, 4154, 7800, 7936, 9360, 8911, 10041, 11039, 17925, 19279, 20146, 21371]
13 0.0 [11953, 12415, 13556]
13 1.0 [10171, 10639, 14405, 14481]
13 2.0 [1168, 2213, 13463, 20075]
13 5.0 [7012, 8290, 13263, 17950]
13 7.0 [21124]
13 9.0 [105, 104, 4562, 4898, 6472, 6577, 8804, 9841, 10293, 10503, 12298, 12461, 12704, 13021, 13795, 14261, 14403, 15131, 16336, 19050, 21919, 22181, 22304, 22482]
13 10.0 [1095, 1135, 3255, 4545, 4559, 4959, 5980, 14024, 14305, 15051, 15592, 18813, 20048, 20679, 20684, 22586]
13 11.0 [576, 1043, 1092, 2527, 3792, 3941, 11019, 11814, 16965, 22045, 22229, 22508]
14 0.0 [5339, 6444, 8713]
14 2.0 [1840, 4403, 20589, 22595]
14 7.0 [1203, 1253]
14 8.0 [888, 962, 1235, 6924, 7102, 9637, 16938, 18407, 19872, 22564]
14 9.0 [495, 7769, 9804]
14 10.0 [6097, 6036, 8872, 9263, 13115, 15850, 17815, 18749, 18883, 21872]
14 11.0 [6846, 22577]
14 12.0 [1349, 3455, 6384, 9616, 11605, 14307, 18165, 21746]
15 4.0 [4880]
15 7.0 [13462, 17118, 18688]
15 8.0 [8483, 21571]
15 9.0 [6121, 6991, 10325]
15 11.0 [499, 1558, 6389, 9250, 13872, 20630]
15 12.0 [6940, 12531, 8414, 15247, 17724, 18035, 19396, 13635]
16 4.0 [20853]
16 6.0 [2112, 21286]
16 7.0 [10111]
16 8.0 [5797]
16 9.0 [947, 11569]
16 10.0 [18913]
16 11.0 [1048, 3380, 5177, 8400, 6609, 9930]
16 12.0 [2889, 6501, 17488, 21894, 8497, 11767, 16493]
17 3.0 [3096]
17 4.0 [2016, 2356, 2851, 21438]
17 5.0 [20277]
17 7.0 [20324]
17 8.0 [7123]
17 9.0 [19132]
17 10.0 [7437, 10390, 17627, 19609, 20242]
17 11.0 [2119, 5799, 1990, 7485, 8706, 11374, 11635, 11513, 16192, 20174]
17 12.0 [1767, 9578, 9750, 11005, 9628, 15253, 19447, 13992]
18 0.0 [11092]
18 4.0 [10126, 11834, 20390, 21470]
18 5.0 [2355, 5812, 6065, 8407, 14894, 17007, 21159, 22575]
18 6.0 [1112, 2157, 9665, 10431, 20276, 22424]
18 7.0 [9411, 9749, 12424, 21692]
18 8.0 [2040, 2284, 2376, 2451, 2579, 3009, 4916, 7282, 8911, 11741, 12601, 13364, 13665, 14189, 18639, 19210, 20767]
18 9.0 [1414, 2435, 2988, 3195, 4317, 6518, 9957, 11771, 12975, 13330, 14059, 17198, 20220]
18 10.0 [3220, 3777, 6263, 8033, 19279, 20920]
18 11.0 [3785, 6877, 7800, 9579, 9262, 10820, 13853, 15180, 17307, 17468, 17925, 19075]
18 12.0 [1060, 679, 3681, 6318, 6107, 5997, 10061, 12281, 15230, 19663, 19865, 22611]
19 0.0 [16060]
19 4.0 [10924, 17473]
19 7.0 [20412]
19 9.0 [8963, 8847]
19 10.0 [6301, 22474]
19 11.0 [17145]
19 12.0 [9782, 13699]
20 11.0 [4783, 12249, 12538]
21 5.0 [2750, 16486]
21 7.0 [8277, 8731, 11620, 21161]
21 8.0 [131, 12609, 14614]
21 9.0 [4062, 8281, 14622, 15331, 16032, 18084, 19100, 20872]
21 10.0 [5105, 8063, 8862, 11391, 13801, 17703, 16264, 22336, 22284]
21 11.0 [25, 2832, 3573, 5018, 5586, 5931, 5940, 9317, 10541, 11337, 12245, 16007, 18024, 19219, 19172, 19981, 21140, 17961, 20930]
21 12.0 [362, 2840, 3270, 3581, 3994, 5351, 5930, 6098, 5674, 6270, 3934, 7669, 7790, 9187, 9377, 9682, 7213, 8438, 11128, 13751, 11049, 14575, 15406, 14744, 12545, 15642, 12832, 16494, 14861, 16821, 16600, 16318, 14308, 17904, 16085, 18338, 18529, 19756, 21843, 22591, 22330]
22 3.0 [21774]
23 1.0 [17872]
23 6.0 [17545]
23 7.0 [4526, 8191, 13685]
23 8.0 [1291, 6207, 14330]
23 9.0 [11666]
23 10.0 [15035, 14178, 20906]
23 11.0 [3527, 11927, 6490, 12798, 12667, 17510, 19568]
23 12.0 [2987, 7299, 8309, 16706]
24 0.0 [4709]
24 4.0 [17839, 20534]
24 6.0 [6212, 9337]
24 7.0 [5987, 20209]
24 10.0 [763, 3269, 3500, 3569, 9516, 10741]
24 11.0 [911, 1180, 3521, 6880, 9530, 10115, 10338, 11821, 6043, 14707, 16399, 16688, 17978, 18300, 18062, 22178, 17763]
24 12.0 [1344, 1975, 3890, 2620, 4363, 15880, 18010, 18905, 14557]
25 5.0 [16087]
25 7.0 [13625]
25 8.0 [20592]
25 9.0 [1652, 4247, 17250]
25 10.0 [9471, 21788]
25 11.0 [7621, 2632, 13239, 16367, 14179, 20421]
25 12.0 [1632, 8576, 7177, 9906]
26 1.0 [19991]
26 2.0 [17738]
26 5.0 [17826]
26 7.0 [20916]
26 10.0 [1983]
26 12.0 [3204]
27 6.0 [7471]
27 8.0 [19557]
27 9.0 [8854]
27 10.0 [694, 6008, 7126, 10987, 11876, 12279, 14371]
27 11.0 [4768, 4266, 6603, 11710, 3584, 13010, 4542, 20688]
27 12.0 [461, 2798, 2862, 3615, 6788, 9431, 10704, 12233, 17332, 16350, 17643, 15872, 22526, 12096, 21967]
28 0.0 [5684, 5791, 6329]
29 1.0 [4232, 5206, 9923, 17778]
29 2.0 [19024]
29 4.0 [13735]
29 6.0 [12103]
29 7.0 [6347, 7685, 12214, 22584]
29 8.0 [3101, 4328, 12207, 18035]
29 9.0 [154, 8905, 10767, 15247, 15044, 18277, 18471]
29 10.0 [500, 5903, 6389, 9467, 17934, 20759, 21188, 21935]
29 11.0 [2254, 4108, 10343, 10604, 20726]
29 12.0 [1683, 2883, 5401, 5030, 6834, 6121, 7205, 5250, 12237, 13872, 15411]
30 6.0 [17458]
30 10.0 [10012, 20057]
30 11.0 [5815, 7676]
31 4.0 [17246]
31 6.0 [1498]
31 7.0 [18922]
31 8.0 [8822]
31 11.0 [10516, 16581]
32 1.0 [13398]
32 7.0 [20683]
32 9.0 [11532]
32 10.0 [2747, 13354]
32 11.0 [10187, 14838]
32 12.0 [8826, 14067, 13629, 21044]
33 1.0 [17789]
33 2.0 [5069, 6815]
33 5.0 [414]
33 6.0 [8114]
33 7.0 [62, 773, 3665, 11492, 16377]
33 8.0 [7785, 12322, 15565, 16020, 15720, 19162]
33 9.0 [441, 2512, 5435, 16913, 17150, 16567, 20140]
33 10.0 [8, 22, 4531, 7636, 9497, 8122, 9137, 10379, 9329, 4831, 12711, 11324, 21145, 21292, 21920]
33 11.0 [313, 857, 1191, 2480, 1440, 6404, 5545, 12151, 11237, 11996, 11874, 12611, 10494, 15544, 17530, 20376, 19168, 22277, 21388]
33 12.0 [1084, 1593, 4071, 2324, 2416, 4819, 6781, 10086, 9164, 14129, 8419, 17750, 17030, 18689, 17951, 22052]
34 1.0 [6575]
34 5.0 [12805, 15289]
34 6.0 [22301]
34 7.0 [1699, 9972]
34 9.0 [20859]
34 10.0 [4093, 9276, 21409]
34 11.0 [1701, 21402, 18130]
34 12.0 [6633, 20309]
35 3.0 [18763]
35 11.0 [21222]
35 12.0 [1984, 5256, 5603, 9144, 4866, 13736, 14438, 12960, 15253, 21969]
36 6.0 [17797]
36 7.0 [16296]
36 8.0 [4556, 20433, 20812]
36 11.0 [1296, 14945, 22511]
36 12.0 [1952, 3754, 17384]
37 5.0 [2744, 7916]
37 7.0 [15780, 16884, 18430]
37 8.0 [3655, 3985, 4633, 6406, 7353, 8203, 20169]
37 9.0 [48, 3208, 4010, 3870, 5238, 5499, 5621, 7391, 8163, 11829, 12230, 15798, 15656, 18286]
37 10.0 [652, 2198, 3396, 3222, 3476, 4655, 1651, 5461, 6892, 7261, 8275, 11312, 12871, 15529, 17419, 18380, 20070, 20692, 21494]
37 11.0 [1623, 755, 1807, 3201, 3970, 6668, 6634, 7229, 4621, 10359, 10118, 12364, 11961, 12558, 12955, 12978, 13411, 13496, 13551, 16151, 16707, 16179, 14699, 17068, 17774, 17487, 15463, 20753, 20511, 22621, 22334, 7518, 21884, 21239]
37 12.0 [174, 283, 997, 1074, 1492, 1434, 1708, 590, 2047, 393, 280, 1037, 4637, 4645, 4546, 4364, 3924, 4646, 4304, 4859, 5878, 1747, 4620, 5900, 4964, 7513, 5835, 7805, 8154, 8067, 7401, 4243, 2819, 8602, 7257, 7663, 9349, 4445, 6493, 9117, 10864, 9581, 9214, 8851, 11284, 4610, 11852, 11530, 9269, 11483, 12117, 5335, 12163, 11521, 8852, 13268, 13165, 14259, 14428, 11718, 13289, 15268, 14231, 15176, 12811, 14919, 14625, 16125, 16074, 15358, 15951, 14395, 14116, 17297, 18465, 19492, 18487, 8490, 16546, 19705, 12220, 18280, 6843, 13199, 12645, 17988, 20552, 12994, 20787, 21908, 22338, 22227, 21398, 22449, 17690, 22521, 22624, 17659, 20507, 22319, 11715, 19693, 17647, 22039, 12228, 16689, 8603]
38 0.0 [22146]
38 12.0 [13885, 22411]
39 0.0 [5367]
39 7.0 [4053]
40 6.0 [4913]
40 7.0 [5243, 19586]
40 10.0 [2409, 11337]
40 11.0 [4438, 7834, 19100]
40 12.0 [3573]
41 2.0 [15970]
41 6.0 [14081]
41 8.0 [19610]
41 11.0 [14880]
41 12.0 [12734, 17761]
42 0.0 [20269]
42 4.0 [6562, 20978]
42 6.0 [2179, 3368]
42 7.0 [1085, 22676]
42 9.0 [6328, 10872]
42 12.0 [18801, 21425]
43 4.0 [13768, 22180]
43 6.0 [17168]
43 7.0 [1071, 18841]
43 9.0 [47, 5038]
43 10.0 [7697, 21609]
43 11.0 [4600, 17075]
44 0.0 [3120]
44 2.0 [1113, 2882, 13864, 15617]
44 3.0 [2014, 5465, 5696, 7589, 13320, 16951, 18692, 21011]
44 6.0 [10444]
44 7.0 [10790]
44 8.0 [7109, 14106, 14640]
44 9.0 [1799, 1779, 4365, 4168, 6743, 10702, 13917]
44 10.0 [13403, 14083]
44 11.0 [2673, 4658, 5839, 9134, 13636, 14981, 15572, 16069, 20454, 21729]
44 12.0 [894, 1158, 3030, 4305, 4886, 7891, 10095, 9157, 14465, 16538, 19320, 20743, 20219]
45 4.0 [13433]
45 8.0 [663, 19945]
45 12.0 [3576]
46 0.0 [1731]
46 11.0 [8950, 17529]
46 12.0 [20293]
47 7.0 [1564]
47 9.0 [6511, 12814, 13184, 16738]
47 12.0 [21707, 15352]
48 9.0 [7811, 19184]
48 10.0 [6459]
48 11.0 [624, 1808, 4542, 3593, 9297]
48 12.0 [115, 8114, 11665, 19817, 21967, 18324]
49 6.0 [572, 8905]
49 7.0 [5401, 18035]
49 8.0 [12214, 13294, 14605]
49 9.0 [6206, 19396, 21616]
49 10.0 [6940, 6389, 9500, 12016, 18277, 21188]
49 11.0 [13380]
49 12.0 [9774, 5903]
50 0.0 [18690]
50 5.0 [1715, 2126]
50 6.0 [5403, 18928]
50 8.0 [8638, 17511]
50 9.0 [702, 2275, 15884, 16478]
50 11.0 [6159, 8198, 13856, 15233, 18745]
50 12.0 [6222, 6941, 13806, 15766]
51 0.0 [14547]
51 9.0 [11072, 16740]
51 10.0 [2031, 11175, 11563, 18702, 21552]
51 11.0 [5547, 6531, 6738, 7477, 11946, 14669, 11903]
51 12.0 [662, 2227, 128, 5786, 8501, 9152, 9576, 7839, 12917, 16295, 21640, 21808]
52 0.0 [2737]
52 3.0 [3675, 16611]
52 4.0 [1930, 16013, 19878, 21735]
52 9.0 [18133]
52 10.0 [4549]
52 11.0 [2815, 7144, 9018, 9790, 17818, 18095]
52 12.0 [18470, 21462]
53 0.0 [15671]
53 1.0 [10520, 11609, 17479, 20086]
53 2.0 [3074, 13796]
53 3.0 [546, 914, 1527, 18915]
53 4.0 [13196, 22666]
53 5.0 [4648, 5883, 8616, 9598, 13242, 13349, 17264, 21000]
53 6.0 [18003, 19451]
53 9.0 [5766, 9844]
53 10.0 [3898, 13149]
53 11.0 [772]
53 12.0 [3802, 5161, 5881, 8177, 9680, 18152]
54 0.0 [16810]
54 5.0 [2570, 19869]
54 10.0 [1474, 11106]
54 12.0 [8728, 10235, 19018, 20860]
55 0.0 [4694, 4674, 9703]
55 4.0 [7100, 7225, 7978, 9145, 11963, 11978, 17117, 19519]
55 5.0 [2706, 13764, 13810, 19515]
55 7.0 [3940, 5802, 7324, 7410, 2907, 3829, 5266, 9452, 11074, 8310, 11550, 12057, 14687, 11158, 15090, 16691, 14046, 21305, 22076]
55 8.0 [425, 2639, 37, 6491, 7745, 9950, 11032, 13168, 9875, 13130, 20020, 19814, 19618, 21964, 22380, 3207, 3708, 11283, 19313]
55 10.0 [5796, 4311, 6401, 6307, 9299, 19380, 21450]
55 12.0 [5165, 8920, 13949, 1645]
56 0.0 [3579]
56 10.0 [1677, 5274]
56 11.0 [429, 4169, 8603]
56 12.0 [4546, 7518, 8834, 8144, 9675]
57 8.0 [4706]
57 9.0 [8293]
57 10.0 [14461]
57 11.0 [1489]
57 12.0 [2374, 7348, 10717]
58 5.0 [14957]
58 9.0 [10849]
58 10.0 [16857]
58 12.0 [9378, 14861]
59 10.0 [5012]
59 11.0 [9075, 11821, 18300]
59 12.0 [1969, 7853, 10996, 14748, 17853]
60 12.0 [2036, 9564, 8359, 22098]
61 7.0 [15406, 17904]
61 9.0 [13159, 20510]
61 10.0 [13023, 16262, 16405, 22107]
61 11.0 [16292, 21943]
61 12.0 [5341, 18118, 18791]
63 0.0 [2741]
63 5.0 [1334, 3277, 4710, 18057]
63 7.0 [13298]
63 10.0 [13538, 15106]
63 11.0 [1126, 4469]
64 9.0 [10008]
65 5.0 [14572]
65 7.0 [16392]
65 8.0 [9469, 12212, 17469]
65 9.0 [9228, 12874, 18907]
65 10.0 [806, 4768, 5068, 7946, 16777, 17391, 17208, 21955]
65 11.0 [63, 272, 1090, 4363, 3685, 5089, 9311, 9982, 10295, 9846, 11778, 17091, 17001, 19048, 18187, 19887, 21140, 20976, 21633]
65 12.0 [25, 2650, 3559, 4049, 4008, 5222, 5095, 5931, 5572, 6331, 8281, 11090, 11820, 14253, 16973, 16864, 20489, 20150, 20872, 12088, 20997, 21069]
66 3.0 [8830]
66 8.0 [10690]
67 0.0 [14749]
67 5.0 [15272, 16517]
67 7.0 [9542, 19919]
67 8.0 [19967, 22519]
67 9.0 [688, 7837, 19666, 21337]
67 10.0 [277, 4812, 934, 4335, 10204, 6152, 17033, 18235, 15029, 22669]
67 11.0 [14321, 17032, 18237, 21327]
67 12.0 [9894, 13656, 17429, 18357, 22609, 22510]
68 0.0 [3270]
68 6.0 [15331]
68 7.0 [8063, 15754, 18768]
68 8.0 [19100]
68 9.0 [826, 1270, 2961, 3346, 20835]
68 10.0 [3605, 4630]
68 11.0 [3581, 1269, 1878, 7821, 9730, 13001, 12245, 14555, 16264, 16486, 17469, 18960, 19486, 20826, 22284, 22591]
68 12.0 [25, 2750, 3865, 4353, 3775, 7005, 7263, 3875, 12785, 9311, 12545, 15027, 12652, 16177, 17712, 16085, 18933, 10071, 20872, 21161, 18338, 22330, 22246, 18529, 20470]
69 2.0 [8392]
69 6.0 [19941]
69 7.0 [11100]
69 8.0 [8821, 19035]
69 9.0 [1002, 2212, 8790, 14646, 20493, 21052, 19165, 20750, 20713]
69 10.0 [1883, 5649, 12474, 16743, 19868, 22470, 16312]
69 11.0 [3724, 4530, 4941, 9466, 13219, 13027, 16090, 16912, 19160, 22608]
69 12.0 [1438, 4765, 2261, 7147, 5288, 3091, 12242, 13100, 1985, 7604, 11496, 11363, 16507, 17095, 18565, 22026]
70 8.0 [20586]
70 11.0 [14915, 17674]
70 12.0 [7141, 8259, 6616, 13629]
71 7.0 [4527, 7337, 20258]
71 8.0 [6049, 10903, 13108, 14885]
71 9.0 [8641, 11502]
71 10.0 [6090, 10189, 20312, 22408]
71 11.0 [5517, 17995]
71 12.0 [5490, 17078]
72 0.0 [6622, 15203, 16492]
72 1.0 [6613, 7438, 10199, 21562]
72 4.0 [269, 944, 4370, 5213, 11366, 11516, 11566, 12487, 12643, 14014, 21368, 21727]
72 5.0 [2865, 9935, 14420, 21807]
72 6.0 [1670, 14843, 18680, 22170]
72 7.0 [5291, 5672, 2538, 6400, 8716, 9450, 7855, 16867, 17093, 13580, 18070, 15417, 17970, 19698, 20615, 21295]
72 8.0 [368, 1260, 1940, 2992, 4877, 5130, 5964, 7275, 8876, 8930, 12715, 12530, 13257, 12973, 14454, 19021, 20491]
72 9.0 [5548, 12639, 11607, 12966, 19674, 3209, 12774, 17496, 17924]
72 10.0 [7832, 9499, 3225, 10290, 17773, 9602, 13049, 13347, 12188, 17835, 21742, 409, 1519, 4420, 7106]
72 11.0 [4227, 4752, 3856, 7224, 6659, 9079, 10194, 4772, 9866, 8038, 4516, 12480, 9470, 7351, 14952, 14495, 14682, 11524, 16330, 12915, 16924, 17069, 18323, 19275, 20115, 15408, 15662, 21936, 22233, 13546, 18740, 17723, 19484, 15343, 19283, 20896, 21532]
72 12.0 [2248, 3748, 11296, 2151, 11300, 16994, 7452, 11542, 19206, 9883, 16588, 14383, 17629, 20624, 7301, 17477, 11167, 22663, 13437]
74 4.0 [8561, 12939]
74 12.0 [17445, 18306]
75 5.0 [4062]
75 6.0 [10541, 15642, 19981]
75 7.0 [8914, 14622]
75 8.0 [2750, 9317, 11391, 20388]
75 9.0 [1480, 2933, 8731, 14744, 20221]
75 10.0 [5341, 5940, 9682, 18118, 21710]
75 11.0 [2238, 15406, 17904, 20539, 21843]
75 12.0 [131, 443, 1802, 4865, 6106, 6184, 9428, 6270, 13267, 15792, 18263, 20650]
76 0.0 [8454]
76 2.0 [11259, 11991, 13537, 13586, 14745, 15276, 15935, 18191]
76 3.0 [3491, 7738, 9983, 11382, 17377]
76 6.0 [8907]
76 7.0 [3053, 19254]
76 8.0 [2001, 3345, 4321, 5530, 7972, 13164, 13715, 14333, 15573, 16340, 16934, 17285, 18355, 18468, 19477, 19450, 20850]
76 9.0 [2113, 4277, 7414, 7732, 9517, 13359, 13449, 14011, 16198, 17594, 18634, 19616]
76 10.0 [2398, 3839, 5226, 10174, 9810, 11197, 12699, 12748, 13653, 15012, 16578, 20968]
76 11.0 [4083, 5891, 14684, 19394]
76 12.0 [1517, 11185, 11813, 14708]
77 0.0 [10968]
77 8.0 [11250, 19431]
77 12.0 [10651, 18047]
78 2.0 [18443]
78 3.0 [4882]
78 6.0 [16599]
78 7.0 [21002, 21797]
78 8.0 [3939, 16884, 19813, 20937, 21908]
78 9.0 [3655, 4586, 9290]
78 10.0 [4646, 5267, 8510, 11718, 12239]
78 11.0 [103, 1434, 3396, 3928, 5238, 5282, 5668, 6085, 7229, 8058, 8672, 10359, 12814, 13268, 11482, 14428, 14857, 15358, 15984, 17301, 16789, 17718, 17601, 21239, 22573, 22457]
78 12.0 [284, 2600, 2226, 4010, 4798, 4779, 5842, 6493, 6028, 7577, 7994, 8545, 8415, 10479, 8284, 12163, 11048, 12483, 13866, 16125, 16375, 15874, 16035, 18644, 19612, 19861, 19903, 19860, 20122, 21483, 16674, 19308, 19285]
80 0.0 [16731]
80 7.0 [2030, 7213, 14308]
80 8.0 [562, 1267, 2359, 10334, 16753]
80 9.0 [4980, 11049, 12832, 13851, 20965, 22068]
80 10.0 [90, 335, 470, 671, 1591, 2565, 4334, 9324, 10781, 9306, 11248, 15326, 15591, 18236, 22114, 22262, 22658]
80 11.0 [1079, 3556, 1920, 7150, 8318, 11269, 13990, 14197, 13975, 15498, 15695, 19535, 22373]
80 12.0 [413, 4410, 7815, 10620, 15078, 16760, 15392, 17421, 17539, 20716, 21218]
81 1.0 [8077]
81 5.0 [16805, 20811]
81 6.0 [8007, 6131]
81 7.0 [11955]
81 8.0 [20877]
81 10.0 [1851]
81 11.0 [8118, 1583, 21040]
81 12.0 [5876, 13867, 11995, 14142, 14788, 19351]
82 9.0 [20892]
83 0.0 [10303]
84 0.0 [8105]
84 12.0 [2881, 6377, 9595, 11357, 19533, 19078]
85 7.0 [18741, 21439]
85 8.0 [15519]
85 10.0 [2787, 10491, 10697, 21304, 21892]
85 11.0 [362, 1270, 3581, 4369, 5972, 6117, 10750, 15642, 16786, 22591]
85 12.0 [826, 3007, 919, 2838, 7005, 2514, 8314, 10541, 13804, 8723, 15495, 12626, 12823, 16639, 16563, 16494, 17884, 13151, 12689, 13995, 14082, 21122, 18170]
86 0.0 [15816]
86 2.0 [7, 2153, 9374, 9929, 11065, 14811]
86 8.0 [7540]
86 9.0 [6601, 6582, 17508, 21467, 22164]
86 10.0 [4944, 5384, 12574, 16601]
86 11.0 [2476, 354, 1860, 15927, 17595]
86 12.0 [6615, 7870, 6738, 7444, 7839, 6145, 9077, 11072, 4382, 10137, 11005, 278, 15294, 10429, 14669, 14160, 19447, 18702, 21129, 21312, 17626, 21552, 21217, 21808, 20596, 21733, 20691]
87 8.0 [12706]
87 10.0 [15311]
87 11.0 [7740]
87 12.0 [14535]
88 0.0 [15902]
88 2.0 [7396, 19639]
88 3.0 [14097, 17533, 20442]
88 9.0 [6846, 22577]
88 10.0 [962, 4511, 9637]
88 11.0 [778, 495, 3028, 3852, 8892, 7769]
88 12.0 [331, 5160, 6924, 8992, 5845, 9395, 9267, 12991, 12108, 14807, 8445, 12133, 17274, 9263, 19872, 19942, 18749]
89 8.0 [21189]
89 9.0 [8962, 11368, 16282]
89 10.0 [4741, 5585, 11133, 19397]
89 11.0 [10632, 10590, 17541, 21858]
89 12.0 [1459, 3513, 6970, 3246, 21983]
90 6.0 [3051, 18604]
90 7.0 [10956, 13728, 18390, 22140]
90 8.0 [433, 1586, 16257, 16252]
90 9.0 [219, 594, 6026, 7914, 10977, 13840, 17029, 18182, 21799]
90 10.0 [2313, 2833, 4121, 6524, 8133, 9797, 10696, 11692, 12101, 13790]
90 11.0 [1068, 1703, 2307, 2768, 2044, 3212, 4220, 5251, 6855, 8554, 6780, 8935, 13258, 14938, 15385, 16115, 20457, 20026]
90 12.0 [2553, 3315, 2335, 5230, 4862, 3725, 4426, 7346, 5916, 9671, 9167, 18584, 18567, 16315, 19652, 20871, 22118]
91 4.0 [457]
91 6.0 [9900]
91 7.0 [10601]
91 8.0 [6975, 22417]
91 9.0 [19626]
91 10.0 [4004]
91 11.0 [8, 2394, 6026, 5582, 8048, 7980, 5507, 10038, 16056, 14211, 18717, 12006]
91 12.0 [2863, 14511, 18065, 16100, 21292, 10379]
92 0.0 [8361]
93 5.0 [3049, 20816]
93 10.0 [633]
93 11.0 [4257]
94 10.0 [12919]
95 10.0 [1866, 19583]
95 12.0 [9446]
96 2.0 [811, 13671, 16941, 22635]
96 8.0 [2845, 4498]
96 11.0 [5066, 9947, 15526]
96 12.0 [10768, 13317, 8717, 11610, 20583, 22124]
97 6.0 [13839, 19273]
97 7.0 [16111]
97 8.0 [1272, 11825, 16522]
97 10.0 [17367]
97 11.0 [8817, 7363, 21810]
97 12.0 [521]
98 0.0 [9934, 12546, 20990]
98 10.0 [1396, 18260]
99 2.0 [1283, 3218, 9180]
99 4.0 [15460]
99 6.0 [2689, 16585, 20480]
99 7.0 [21813]
99 8.0 [2879, 9731, 15691, 19811]
99 9.0 [1839, 10458]
99 10.0 [2394, 5077, 3155, 6361, 8048, 6933, 9540, 11282, 16056, 17301, 18551, 18717]
99 11.0 [2589, 3928, 1107, 5842, 7058, 9314, 18298, 21265, 22651, 17648, 21383]
99 12.0 [3001, 5736, 4573, 7784, 1626, 7273, 7306, 10038, 9483, 12119, 7563, 14450, 8629, 16102, 16338, 17718, 10261, 12232, 13935, 19903, 21480, 17245, 22158, 13684]
