ID 0
v 0 6
v 1 1
v 2 2
v 3 2
v 4 2
v 5 3
v 6 3
v 7 4
v 8 4
v 9 4
v 10 4
v 11 4
v 12 4
v 13 4
v 14 4
v 15 4
v 16 4
v 17 4
v 18 4
v 19 4
v 20 4
v 21 4
v 22 4
v 23 4
v 24 4
v 25 4
v 26 4
v 27 4
v 28 5
v 29 5
v 30 5
v 31 5
v 32 5
v 33 5
v 34 5
v 35 5
v 36 5
v 37 5
v 38 5
v 39 5
v 40 5
v 41 5
v 42 5
e 0 13 0
e 0 23 0
e 1 27 0
e 2 12 0
e 2 35 0
e 3 10 0
e 4 11 0
e 5 7 0
e 5 11 0
e 5 13 0
e 6 13 0
e 6 24 0
e 7 8 0
e 7 9 0
e 7 28 0
e 8 10 0
e 8 12 0
e 9 14 0
e 9 15 0
e 10 11 0
e 12 16 0
e 14 17 0
e 14 29 0
e 15 18 0
e 15 30 0
e 16 20 0
e 16 21 0
e 17 19 0
e 17 31 0
e 18 19 0
e 18 32 0
e 19 22 0
e 20 25 0
e 20 33 0
e 21 26 0
e 21 34 0
e 22 36 0
e 22 37 0
e 22 38 0
e 23 24 0
e 23 39 0
e 24 40 0
e 25 27 0
e 25 41 0
e 26 27 0
e 26 42 0
ID 1
v 0 2
v 1 2
v 2 2
v 3 2
v 4 2
v 5 2
v 6 3
v 7 3
v 8 4
v 9 4
v 10 4
v 11 4
v 12 4
v 13 4
v 14 4
v 15 4
v 16 4
v 17 4
v 18 4
v 19 4
v 20 4
v 21 4
v 22 4
v 23 4
v 24 4
v 25 4
v 26 4
v 27 5
v 28 5
v 29 5
v 30 5
v 31 5
v 32 5
v 33 5
v 34 5
v 35 5
v 36 5
v 37 5
v 38 5
v 39 5
v 40 5
v 41 5
v 42 5
e 0 9 0
e 0 11 0
e 1 10 0
e 1 20 0
e 2 14 0
e 2 21 0
e 3 12 0
e 4 25 0
e 5 26 0
e 6 25 0
e 6 39 0
e 6 40 0
e 7 26 0
e 7 41 0
e 7 42 0
e 8 9 0
e 8 10 0
e 8 12 0
e 9 13 0
e 10 15 0
e 11 16 0
e 11 17 0
e 12 16 0
e 13 14 0
e 13 27 0
e 14 15 0
e 15 28 0
e 16 29 0
e 17 18 0
e 17 19 0
e 18 22 0
e 18 30 0
e 19 23 0
e 19 31 0
e 20 25 0
e 20 32 0
e 20 33 0
e 21 26 0
e 21 34 0
e 21 35 0
e 22 24 0
e 22 36 0
e 23 24 0
e 23 37 0
e 24 38 0
ID 2
v 0 2
v 1 2
v 2 2
v 3 3
v 4 3
v 5 4
v 6 4
v 7 4
v 8 4
v 9 4
v 10 4
v 11 4
v 12 4
v 13 4
v 14 4
v 15 4
v 16 4
v 17 4
v 18 4
v 19 4
v 20 4
v 21 4
v 22 4
v 23 4
v 24 4
v 25 4
v 26 4
v 27 4
v 28 5
v 29 5
v 30 5
v 31 5
v 32 5
v 33 5
v 34 5
v 35 5
v 36 5
v 37 5
v 38 5
v 39 5
v 40 5
v 41 5
v 42 5
v 43 5
v 44 5
v 45 5
v 46 5
v 47 5
v 48 5
v 49 5
e 0 12 0
e 1 20 0
e 2 19 0
e 3 5 0
e 3 6 0
e 3 12 0
e 4 13 0
e 4 19 0
e 4 20 0
e 5 7 0
e 5 10 0
e 5 11 0
e 6 8 0
e 6 14 0
e 7 9 0
e 7 28 0
e 8 9 0
e 8 15 0
e 9 16 0
e 10 29 0
e 10 30 0
e 10 31 0
e 11 32 0
e 11 33 0
e 11 34 0
e 12 13 0
e 13 35 0
e 13 36 0
e 14 17 0
e 14 37 0
e 15 18 0
e 15 38 0
e 16 39 0
e 16 40 0
e 16 41 0
e 17 18 0
e 17 23 0
e 18 42 0
e 19 21 0
e 20 22 0
e 21 22 0
e 21 25 0
e 22 24 0
e 23 43 0
e 23 44 0
e 23 45 0
e 24 26 0
e 24 47 0
e 25 27 0
e 25 46 0
e 26 27 0
e 26 48 0
e 27 49 0
ID 3
v 0 6
v 1 3
v 2 3
v 3 3
v 4 3
v 5 3
v 6 4
v 7 4
v 8 4
v 9 4
v 10 4
v 11 4
v 12 4
v 13 4
v 14 4
v 15 4
v 16 4
v 17 4
v 18 5
v 19 5
v 20 5
v 21 5
v 22 5
v 23 5
v 24 5
v 25 5
v 26 5
v 27 5
v 28 5
v 29 5
v 30 5
v 31 5
v 32 5
e 0 17 0
e 1 6 0
e 1 8 0
e 1 20 0
e 2 8 0
e 2 9 0
e 2 21 0
e 3 9 0
e 3 10 0
e 3 24 0
e 4 8 0
e 4 17 0
e 5 9 0
e 5 17 0
e 6 7 0
e 6 18 0
e 6 19 0
e 7 11 0
e 7 12 0
e 10 15 0
e 10 22 0
e 10 23 0
e 11 13 0
e 11 25 0
e 12 14 0
e 12 26 0
e 13 16 0
e 13 27 0
e 14 16 0
e 14 28 0
e 15 29 0
e 15 30 0
e 15 31 0
e 16 32 0
ID 4
v 0 8
v 1 6
v 2 6
v 3 2
v 4 2
v 5 3
v 6 3
v 7 4
v 8 4
v 9 4
v 10 4
v 11 4
v 12 4
v 13 4
v 14 4
v 15 4
v 16 4
v 17 4
v 18 4
v 19 4
v 20 4
v 21 5
v 22 5
v 23 5
v 24 5
v 25 5
v 26 5
v 27 5
v 28 5
v 29 5
v 30 5
v 31 5
v 32 5
v 33 5
e 0 20 0
e 1 3 0
e 1 4 0
e 1 5 0
e 1 13 0
e 2 10 0
e 2 17 0
e 5 6 0
e 5 7 0
e 6 9 0
e 7 8 0
e 7 10 0
e 7 21 0
e 8 9 0
e 8 22 0
e 8 23 0
e 9 11 0
e 10 12 0
e 11 14 0
e 11 15 0
e 12 16 0
e 12 24 0
e 13 25 0
e 13 26 0
e 13 27 0
e 14 18 0
e 14 28 0
e 15 19 0
e 15 29 0
e 16 17 0
e 16 30 0
e 17 31 0
e 18 20 0
e 18 32 0
e 19 20 0
e 19 33 0
ID 5
v 0 2
v 1 2
v 2 2
v 3 2
v 4 3
v 5 3
v 6 4
v 7 4
v 8 4
v 9 4
v 10 4
v 11 4
v 12 4
v 13 4
v 14 4
v 15 4
v 16 4
v 17 4
v 18 4
v 19 5
v 20 5
v 21 5
v 22 5
v 23 5
v 24 5
v 25 5
v 26 5
v 27 5
v 28 5
v 29 5
v 30 5
v 31 5
v 32 5
v 33 5
v 34 5
e 0 8 0
e 0 9 0
e 1 13 0
e 1 17 0
e 2 5 0
e 3 5 0
e 4 6 0
e 4 7 0
e 4 10 0
e 5 18 0
e 6 9 0
e 6 21 0
e 6 22 0
e 7 8 0
e 7 19 0
e 7 20 0
e 8 23 0
e 8 24 0
e 9 25 0
e 9 26 0
e 10 11 0
e 10 12 0
e 11 13 0
e 11 27 0
e 12 15 0
e 12 28 0
e 13 14 0
e 14 15 0
e 14 16 0
e 15 29 0
e 16 18 0
e 16 30 0
e 17 31 0
e 17 32 0
e 17 33 0
e 18 34 0
ID 6
v 0 6
v 1 1
v 2 2
v 3 3
v 4 3
v 5 4
v 6 4
v 7 4
v 8 4
v 9 4
v 10 4
v 11 4
v 12 4
v 13 4
v 14 4
v 15 4
v 16 4
v 17 4
v 18 4
v 19 4
v 20 4
v 21 4
v 22 4
v 23 4
v 24 4
v 25 5
v 26 5
v 27 5
v 28 5
v 29 5
v 30 5
v 31 5
v 32 5
v 33 5
v 34 5
v 35 5
v 36 5
v 37 5
v 38 5
v 39 5
v 40 5
v 41 5
v 42 5
v 43 5
v 44 5
v 45 5
v 46 5
v 47 5
e 0 11 0
e 0 18 0
e 1 17 0
e 2 9 0
e 3 5 0
e 3 6 0
e 3 9 0
e 4 7 0
e 4 8 0
e 4 10 0
e 5 7 0
e 5 27 0
e 5 28 0
e 6 8 0
e 6 25 0
e 6 26 0
e 7 31 0
e 7 32 0
e 8 29 0
e 8 30 0
e 9 11 0
e 10 12 0
e 10 13 0
e 11 14 0
e 11 33 0
e 12 15 0
e 12 34 0
e 13 16 0
e 13 35 0
e 14 36 0
e 14 37 0
e 14 38 0
e 15 17 0
e 15 39 0
e 16 17 0
e 16 40 0
e 18 19 0
e 18 20 0
e 19 22 0
e 19 41 0
e 20 23 0
e 20 42 0
e 21 22 0
e 21 23 0
e 21 24 0
e 22 43 0
e 23 44 0
e 24 45 0
e 24 46 0
e 24 47 0
ID 7
v 0 6
v 1 2
v 2 2
v 3 2
v 4 2
v 5 3
v 6 4
v 7 4
v 8 4
v 9 4
v 10 4
v 11 4
v 12 4
v 13 4
v 14 4
v 15 4
v 16 4
v 17 4
v 18 4
v 19 4
v 20 4
v 21 5
v 22 5
v 23 5
v 24 5
v 25 5
v 26 5
v 27 5
v 28 5
v 29 5
v 30 5
v 31 5
v 32 5
v 33 5
v 34 5
v 35 5
v 36 5
v 37 5
v 38 5
v 39 5
v 40 5
v 41 5
e 0 1 0
e 0 2 0
e 0 5 0
e 0 12 0
e 3 20 0
e 3 41 0
e 4 20 0
e 5 6 0
e 5 32 0
e 6 7 0
e 6 8 0
e 6 21 0
e 7 9 0
e 7 22 0
e 7 23 0
e 8 10 0
e 8 24 0
e 8 25 0
e 9 11 0
e 9 28 0
e 9 29 0
e 10 11 0
e 10 26 0
e 10 27 0
e 11 30 0
e 11 31 0
e 12 13 0
e 12 14 0
e 13 16 0
e 13 33 0
e 14 17 0
e 14 34 0
e 15 16 0
e 15 17 0
e 15 18 0
e 16 35 0
e 17 36 0
e 18 19 0
e 18 37 0
e 18 38 0
e 19 20 0
e 19 39 0
e 19 40 0
ID 8
v 0 6
v 1 6
v 2 2
v 3 2
v 4 2
v 5 2
v 6 3
v 7 4
v 8 4
v 9 4
v 10 4
v 11 4
v 12 4
v 13 4
v 14 4
v 15 4
v 16 4
v 17 4
v 18 4
v 19 4
v 20 4
v 21 4
v 22 4
v 23 4
v 24 4
v 25 4
v 26 4
v 27 4
v 28 4
v 29 4
v 30 4
v 31 5
v 32 5
v 33 5
v 34 5
v 35 5
v 36 5
v 37 5
v 38 5
v 39 5
v 40 5
v 41 5
v 42 5
v 43 5
v 44 5
v 45 5
v 46 5
v 47 5
v 48 5
v 49 5
v 50 5
v 51 5
v 52 5
v 53 5
e 0 2 0
e 0 3 0
e 0 6 0
e 0 10 0
e 1 7 0
e 1 9 0
e 4 20 0
e 4 29 0
e 5 24 0
e 5 30 0
e 6 7 0
e 6 8 0
e 7 12 0
e 7 31 0
e 8 9 0
e 8 32 0
e 8 33 0
e 9 34 0
e 9 35 0
e 10 15 0
e 10 18 0
e 11 13 0
e 11 14 0
e 11 15 0
e 12 20 0
e 12 21 0
e 13 16 0
e 13 19 0
e 14 17 0
e 14 36 0
e 14 37 0
e 15 38 0
e 16 17 0
e 16 22 0
e 17 23 0
e 18 19 0
e 18 39 0
e 19 40 0
e 20 25 0
e 21 24 0
e 21 41 0
e 22 26 0
e 22 42 0
e 23 27 0
e 23 43 0
e 24 28 0
e 25 28 0
e 25 44 0
e 26 27 0
e 26 45 0
e 27 46 0
e 28 47 0
e 29 48 0
e 29 49 0
e 29 50 0
e 30 51 0
e 30 52 0
e 30 53 0
ID 9
v 0 8
v 1 8
v 2 7
v 3 2
v 4 3
v 5 4
v 6 4
v 7 4
v 8 4
v 9 4
v 10 4
v 11 4
v 12 4
v 13 4
v 14 4
v 15 4
v 16 4
v 17 4
v 18 5
v 19 5
v 20 5
v 21 5
v 22 5
v 23 5
v 24 5
v 25 5
e 0 8 0
e 1 14 0
e 2 10 0
e 3 7 0
e 4 6 0
e 4 7 0
e 4 18 0
e 5 7 0
e 5 8 0
e 5 9 0
e 6 10 0
e 6 11 0
e 8 12 0
e 9 13 0
e 9 19 0
e 10 15 0
e 11 16 0
e 11 20 0
e 12 14 0
e 12 21 0
e 13 14 0
e 13 22 0
e 15 17 0
e 15 23 0
e 16 17 0
e 16 24 0
e 17 25 0
ID 10
v 0 2
v 1 2
v 2 2
v 3 2
v 4 2
v 5 3
v 6 3
v 7 3
v 8 3
v 9 4
v 10 4
v 11 4
v 12 4
v 13 4
v 14 4
v 15 4
v 16 4
v 17 4
v 18 4
v 19 4
v 20 4
v 21 4
v 22 4
v 23 4
v 24 4
v 25 4
v 26 5
v 27 5
v 28 5
v 29 5
v 30 5
v 31 5
v 32 5
v 33 5
v 34 5
v 35 5
v 36 5
v 37 5
v 38 5
v 39 5
v 40 5
v 41 5
v 42 5
v 43 5
e 0 9 0
e 0 12 0
e 1 14 0
e 1 19 0
e 2 15 0
e 3 16 0
e 4 24 0
e 4 25 0
e 5 10 0
e 5 11 0
e 5 12 0
e 6 12 0
e 6 13 0
e 7 13 0
e 7 16 0
e 7 17 0
e 8 15 0
e 8 16 0
e 8 18 0
e 9 10 0
e 9 14 0
e 9 26 0
e 10 27 0
e 10 28 0
e 11 13 0
e 11 15 0
e 14 29 0
e 14 30 0
e 17 31 0
e 17 32 0
e 17 33 0
e 18 34 0
e 18 35 0
e 18 36 0
e 19 20 0
e 19 21 0
e 20 22 0
e 20 37 0
e 21 23 0
e 21 38 0
e 22 24 0
e 22 39 0
e 23 24 0
e 23 40 0
e 25 41 0
e 25 42 0
e 25 43 0
ID 11
v 0 2
v 1 2
v 2 2
v 3 2
v 4 3
v 5 3
v 6 3
v 7 4
v 8 4
v 9 4
v 10 4
v 11 4
v 12 4
v 13 4
v 14 4
v 15 4
v 16 4
v 17 4
v 18 4
v 19 4
v 20 4
v 21 4
v 22 4
v 23 4
v 24 4
v 25 4
v 26 4
v 27 5
v 28 5
v 29 5
v 30 5
v 31 5
v 32 5
v 33 5
v 34 5
v 35 5
v 36 5
v 37 5
v 38 5
v 39 5
v 40 5
v 41 5
v 42 5
v 43 5
v 44 5
v 45 5
v 46 5
v 47 5
v 48 5
v 49 5
v 50 5
v 51 5
v 52 5
v 53 5
v 54 5
v 55 5
e 0 14 0
e 0 54 0
e 1 13 0
e 2 14 0
e 3 26 0
e 3 55 0
e 4 17 0
e 4 18 0
e 4 19 0
e 5 15 0
e 5 16 0
e 5 20 0
e 6 13 0
e 6 21 0
e 6 45 0
e 7 8 0
e 7 9 0
e 7 13 0
e 7 27 0
e 8 10 0
e 8 14 0
e 8 28 0
e 9 11 0
e 9 29 0
e 9 30 0
e 10 12 0
e 10 31 0
e 10 32 0
e 11 12 0
e 11 33 0
e 11 34 0
e 12 35 0
e 12 36 0
e 15 18 0
e 15 37 0
e 15 38 0
e 16 17 0
e 16 39 0
e 16 40 0
e 17 41 0
e 17 42 0
e 18 43 0
e 18 44 0
e 19 22 0
e 19 23 0
e 20 26 0
e 20 46 0
e 20 47 0
e 21 24 0
e 21 25 0
e 22 24 0
e 22 48 0
e 23 25 0
e 23 49 0
e 24 50 0
e 25 51 0
e 26 52 0
e 26 53 0
ID 12
v 0 6
v 1 1
v 2 2
v 3 2
v 4 3
v 5 3
v 6 3
v 7 4
v 8 4
v 9 4
v 10 4
v 11 4
v 12 4
v 13 4
v 14 4
v 15 4
v 16 4
v 17 4
v 18 4
v 19 4
v 20 4
v 21 4
v 22 4
v 23 4
v 24 4
v 25 4
v 26 4
v 27 5
v 28 5
v 29 5
v 30 5
v 31 5
v 32 5
v 33 5
v 34 5
v 35 5
v 36 5
v 37 5
v 38 5
v 39 5
v 40 5
v 41 5
v 42 5
v 43 5
v 44 5
v 45 5
v 46 5
e 0 12 0
e 1 13 0
e 2 11 0
e 3 20 0
e 3 25 0
e 4 7 0
e 4 12 0
e 4 28 0
e 5 10 0
e 5 12 0
e 5 29 0
e 6 11 0
e 6 16 0
e 6 34 0
e 7 8 0
e 7 9 0
e 7 27 0
e 8 10 0
e 8 11 0
e 9 13 0
e 9 14 0
e 10 15 0
e 13 17 0
e 14 18 0
e 14 30 0
e 15 31 0
e 15 32 0
e 15 33 0
e 16 20 0
e 16 21 0
e 17 19 0
e 17 35 0
e 18 19 0
e 18 36 0
e 19 37 0
e 20 22 0
e 21 23 0
e 21 38 0
e 22 24 0
e 22 39 0
e 23 24 0
e 23 40 0
e 24 41 0
e 25 26 0
e 25 42 0
e 25 43 0
e 26 44 0
e 26 45 0
e 26 46 0
ID 13
v 0 7
v 1 2
v 2 3
v 3 3
v 4 4
v 5 4
v 6 4
v 7 4
v 8 4
v 9 4
v 10 4
v 11 4
v 12 4
v 13 4
v 14 4
v 15 4
v 16 4
v 17 4
v 18 4
v 19 4
v 20 4
v 21 4
v 22 4
v 23 4
v 24 4
v 25 4
v 26 4
v 27 4
v 28 4
v 29 5
v 30 5
v 31 5
v 32 5
v 33 5
v 34 5
v 35 5
v 36 5
v 37 5
v 38 5
v 39 5
v 40 5
v 41 5
v 42 5
v 43 5
v 44 5
v 45 5
v 46 5
v 47 5
v 48 5
v 49 5
e 0 26 0
e 1 10 0
e 2 7 0
e 2 13 0
e 2 35 0
e 3 9 0
e 3 14 0
e 3 36 0
e 4 5 0
e 4 8 0
e 4 11 0
e 4 29 0
e 5 7 0
e 5 30 0
e 5 31 0
e 6 7 0
e 6 9 0
e 6 10 0
e 8 10 0
e 8 32 0
e 8 33 0
e 9 12 0
e 9 34 0
e 11 15 0
e 11 16 0
e 12 18 0
e 12 19 0
e 13 14 0
e 13 17 0
e 14 20 0
e 15 21 0
e 15 37 0
e 16 22 0
e 16 38 0
e 17 23 0
e 17 41 0
e 18 26 0
e 18 39 0
e 19 27 0
e 19 40 0
e 20 24 0
e 20 42 0
e 21 25 0
e 21 43 0
e 22 25 0
e 22 44 0
e 23 24 0
e 23 45 0
e 24 46 0
e 25 47 0
e 26 28 0
e 27 28 0
e 27 48 0
e 28 49 0
ID 14
v 0 8
v 1 8
v 2 2
v 3 2
v 4 3
v 5 3
v 6 4
v 7 4
v 8 4
v 9 4
v 10 4
v 11 4
v 12 4
v 13 4
v 14 4
v 15 4
v 16 4
v 17 4
v 18 4
v 19 4
v 20 4
v 21 4
v 22 4
v 23 4
v 24 4
v 25 4
v 26 5
v 27 5
v 28 5
v 29 5
v 30 5
v 31 5
v 32 5
v 33 5
v 34 5
v 35 5
v 36 5
v 37 5
v 38 5
v 39 5
v 40 5
v 41 5
v 42 5
v 43 5
v 44 5
v 45 5
v 46 5
v 47 5
e 0 24 0
e 1 25 0
e 2 6 0
e 2 12 0
e 3 10 0
e 3 45 0
e 4 11 0
e 4 14 0
e 4 15 0
e 5 8 0
e 5 13 0
e 5 40 0
e 6 7 0
e 6 8 0
e 6 26 0
e 7 9 0
e 7 27 0
e 7 28 0
e 8 29 0
e 8 30 0
e 9 12 0
e 9 31 0
e 9 32 0
e 10 11 0
e 10 13 0
e 10 33 0
e 11 34 0
e 11 35 0
e 12 36 0
e 12 37 0
e 13 38 0
e 13 39 0
e 14 16 0
e 14 18 0
e 15 17 0
e 15 19 0
e 16 17 0
e 16 20 0
e 17 21 0
e 18 22 0
e 18 41 0
e 19 23 0
e 19 42 0
e 20 24 0
e 20 43 0
e 21 25 0
e 21 44 0
e 22 24 0
e 22 46 0
e 23 25 0
e 23 47 0
ID 15
v 0 6
v 1 6
v 2 2
v 3 2
v 4 3
v 5 3
v 6 3
v 7 4
v 8 4
v 9 4
v 10 4
v 11 4
v 12 4
v 13 4
v 14 4
v 15 4
v 16 4
v 17 4
v 18 4
v 19 4
v 20 4
v 21 4
v 22 4
v 23 4
v 24 4
v 25 4
v 26 4
v 27 4
v 28 4
v 29 5
v 30 5
v 31 5
v 32 5
v 33 5
v 34 5
v 35 5
v 36 5
v 37 5
v 38 5
v 39 5
v 40 5
v 41 5
v 42 5
v 43 5
v 44 5
v 45 5
v 46 5
v 47 5
v 48 5
v 49 5
v 50 5
v 51 5
v 52 5
v 53 5
e 0 12 0
e 0 14 0
e 1 16 0
e 1 18 0
e 2 15 0
e 3 23 0
e 4 15 0
e 4 16 0
e 4 17 0
e 5 14 0
e 5 16 0
e 6 19 0
e 6 23 0
e 6 44 0
e 7 8 0
e 7 9 0
e 7 29 0
e 7 30 0
e 8 12 0
e 8 13 0
e 9 10 0
e 9 31 0
e 9 32 0
e 10 11 0
e 10 33 0
e 10 34 0
e 11 12 0
e 11 35 0
e 11 36 0
e 13 14 0
e 13 15 0
e 17 37 0
e 17 38 0
e 17 39 0
e 18 23 0
e 18 40 0
e 18 41 0
e 19 20 0
e 19 21 0
e 20 22 0
e 20 24 0
e 21 25 0
e 21 27 0
e 22 28 0
e 22 42 0
e 22 43 0
e 24 26 0
e 24 45 0
e 25 26 0
e 25 46 0
e 26 47 0
e 27 48 0
e 27 49 0
e 27 50 0
e 28 51 0
e 28 52 0
e 28 53 0
ID 16
v 0 6
v 1 2
v 2 2
v 3 2
v 4 2
v 5 2
v 6 2
v 7 3
v 8 3
v 9 4
v 10 4
v 11 4
v 12 4
v 13 4
v 14 4
v 15 4
v 16 4
v 17 4
v 18 4
v 19 4
v 20 4
v 21 4
v 22 4
v 23 4
v 24 4
v 25 4
v 26 4
v 27 4
v 28 4
v 29 5
v 30 5
v 31 5
v 32 5
v 33 5
v 34 5
v 35 5
v 36 5
v 37 5
v 38 5
v 39 5
v 40 5
v 41 5
v 42 5
v 43 5
v 44 5
v 45 5
v 46 5
v 47 5
v 48 5
v 49 5
v 50 5
v 51 5
v 52 5
e 0 2 0
e 0 3 0
e 0 7 0
e 0 15 0
e 1 11 0
e 1 25 0
e 4 14 0
e 5 26 0
e 5 27 0
e 6 26 0
e 7 9 0
e 7 10 0
e 8 14 0
e 8 19 0
e 8 37 0
e 9 11 0
e 9 12 0
e 10 14 0
e 10 29 0
e 10 30 0
e 11 16 0
e 12 13 0
e 12 31 0
e 13 17 0
e 13 18 0
e 15 32 0
e 15 33 0
e 15 34 0
e 16 17 0
e 16 35 0
e 17 36 0
e 18 38 0
e 18 39 0
e 18 40 0
e 19 20 0
e 19 21 0
e 20 23 0
e 20 41 0
e 21 24 0
e 21 42 0
e 22 23 0
e 22 24 0
e 22 26 0
e 23 43 0
e 24 44 0
e 25 45 0
e 25 46 0
e 25 47 0
e 27 28 0
e 27 48 0
e 27 49 0
e 28 50 0
e 28 51 0
e 28 52 0
ID 17
v 0 7
v 1 6
v 2 1
v 3 2
v 4 3
v 5 3
v 6 4
v 7 4
v 8 4
v 9 4
v 10 4
v 11 4
v 12 4
v 13 4
v 14 4
v 15 4
v 16 4
v 17 4
v 18 4
v 19 4
v 20 4
v 21 4
v 22 4
v 23 4
v 24 5
v 25 5
v 26 5
v 27 5
v 28 5
v 29 5
v 30 5
v 31 5
v 32 5
v 33 5
v 34 5
v 35 5
v 36 5
v 37 5
e 0 23 0
e 1 7 0
e 1 13 0
e 2 20 0
e 3 9 0
e 4 5 0
e 4 6 0
e 4 9 0
e 5 8 0
e 6 7 0
e 6 10 0
e 7 8 0
e 8 12 0
e 9 11 0
e 10 24 0
e 10 25 0
e 10 26 0
e 11 14 0
e 11 15 0
e 12 27 0
e 12 28 0
e 12 29 0
e 13 16 0
e 13 17 0
e 14 18 0
e 14 30 0
e 15 19 0
e 15 31 0
e 16 21 0
e 16 32 0
e 17 22 0
e 17 33 0
e 18 20 0
e 18 34 0
e 19 20 0
e 19 35 0
e 21 23 0
e 21 36 0
e 22 23 0
e 22 37 0
ID 18
v 0 2
v 1 2
v 2 2
v 3 3
v 4 3
v 5 3
v 6 4
v 7 4
v 8 4
v 9 4
v 10 4
v 11 4
v 12 4
v 13 4
v 14 4
v 15 4
v 16 4
v 17 4
v 18 4
v 19 4
v 20 4
v 21 4
v 22 4
v 23 4
v 24 4
v 25 4
v 26 4
v 27 5
v 28 5
v 29 5
v 30 5
v 31 5
v 32 5
v 33 5
v 34 5
v 35 5
v 36 5
v 37 5
v 38 5
v 39 5
v 40 5
v 41 5
v 42 5
v 43 5
v 44 5
v 45 5
v 46 5
v 47 5
v 48 5
v 49 5
e 0 10 0
e 1 11 0
e 2 20 0
e 2 25 0
e 3 6 0
e 3 11 0
e 3 28 0
e 4 9 0
e 4 11 0
e 4 29 0
e 5 10 0
e 5 18 0
e 5 37 0
e 6 7 0
e 6 8 0
e 6 27 0
e 7 9 0
e 7 10 0
e 8 12 0
e 8 13 0
e 9 14 0
e 12 16 0
e 12 30 0
e 13 17 0
e 13 31 0
e 14 32 0
e 14 33 0
e 14 34 0
e 15 16 0
e 15 17 0
e 15 19 0
e 16 35 0
e 17 36 0
e 18 20 0
e 18 21 0
e 19 38 0
e 19 39 0
e 19 40 0
e 20 22 0
e 21 23 0
e 21 41 0
e 22 24 0
e 22 42 0
e 23 24 0
e 23 43 0
e 24 44 0
e 25 26 0
e 25 45 0
e 25 46 0
e 26 47 0
e 26 48 0
e 26 49 0
ID 19
v 0 6
v 1 6
v 2 2
v 3 2
v 4 2
v 5 2
v 6 3
v 7 3
v 8 4
v 9 4
v 10 4
v 11 4
v 12 4
v 13 4
v 14 4
v 15 4
v 16 4
v 17 4
v 18 4
v 19 4
v 20 4
v 21 4
v 22 4
v 23 4
v 24 4
v 25 4
v 26 4
v 27 4
v 28 4
v 29 4
v 30 4
v 31 4
v 32 4
v 33 5
v 34 5
v 35 5
v 36 5
v 37 5
v 38 5
v 39 5
v 40 5
v 41 5
v 42 5
v 43 5
v 44 5
v 45 5
v 46 5
v 47 5
v 48 5
v 49 5
v 50 5
v 51 5
v 52 5
v 53 5
v 54 5
v 55 5
v 56 5
v 57 5
v 58 5
e 0 11 0
e 0 14 0
e 1 10 0
e 1 22 0
e 2 15 0
e 2 19 0
e 3 13 0
e 4 15 0
e 5 30 0
e 5 31 0
e 6 8 0
e 6 11 0
e 6 13 0
e 7 11 0
e 7 12 0
e 8 9 0
e 8 10 0
e 8 33 0
e 9 12 0
e 9 15 0
e 10 16 0
e 12 18 0
e 13 14 0
e 14 20 0
e 16 21 0
e 16 34 0
e 17 19 0
e 17 23 0
e 17 24 0
e 17 35 0
e 18 36 0
e 18 37 0
e 18 38 0
e 19 39 0
e 19 40 0
e 20 25 0
e 20 41 0
e 21 22 0
e 21 42 0
e 22 43 0
e 23 44 0
e 23 45 0
e 23 46 0
e 24 47 0
e 24 48 0
e 24 49 0
e 25 26 0
e 25 27 0
e 26 28 0
e 26 50 0
e 27 29 0
e 27 51 0
e 28 30 0
e 28 52 0
e 29 30 0
e 29 53 0
e 31 32 0
e 31 54 0
e 31 55 0
e 32 56 0
e 32 57 0
e 32 58 0
ID 20
v 0 2
v 1 3
v 2 4
v 3 4
v 4 4
v 5 4
v 6 4
v 7 4
v 8 4
v 9 4
v 10 4
v 11 4
v 12 4
v 13 4
v 14 4
v 15 4
v 16 4
v 17 4
v 18 4
v 19 4
v 20 4
v 21 5
v 22 5
v 23 5
v 24 5
v 25 5
v 26 5
v 27 5
v 28 5
v 29 5
v 30 5
v 31 5
v 32 5
v 33 5
v 34 5
v 35 5
v 36 5
v 37 5
v 38 5
v 39 5
v 40 5
v 41 5
v 42 5
v 43 5
e 0 4 0
e 1 2 0
e 1 3 0
e 1 4 0
e 2 7 0
e 2 8 0
e 2 21 0
e 3 5 0
e 3 6 0
e 3 22 0
e 4 9 0
e 5 23 0
e 5 24 0
e 5 34 0
e 6 31 0
e 6 32 0
e 6 33 0
e 7 28 0
e 7 29 0
e 7 30 0
e 8 25 0
e 8 26 0
e 8 27 0
e 9 10 0
e 9 11 0
e 10 12 0
e 10 13 0
e 11 14 0
e 11 35 0
e 12 16 0
e 12 17 0
e 13 15 0
e 13 36 0
e 14 15 0
e 14 37 0
e 15 38 0
e 16 18 0
e 16 39 0
e 17 19 0
e 17 40 0
e 18 20 0
e 18 41 0
e 19 20 0
e 19 42 0
e 20 43 0
ID 21
v 0 8
v 1 2
v 2 2
v 3 3
v 4 3
v 5 3
v 6 4
v 7 4
v 8 4
v 9 4
v 10 4
v 11 4
v 12 4
v 13 4
v 14 4
v 15 4
v 16 4
v 17 4
v 18 4
v 19 4
v 20 4
v 21 4
v 22 4
v 23 4
v 24 4
v 25 5
v 26 5
v 27 5
v 28 5
v 29 5
v 30 5
v 31 5
v 32 5
v 33 5
v 34 5
v 35 5
v 36 5
v 37 5
v 38 5
v 39 5
v 40 5
v 41 5
v 42 5
v 43 5
v 44 5
v 45 5
v 46 5
e 0 19 0
e 1 12 0
e 2 17 0
e 2 23 0
e 3 6 0
e 3 7 0
e 3 10 0
e 4 8 0
e 4 9 0
e 4 11 0
e 5 12 0
e 5 18 0
e 5 39 0
e 6 8 0
e 6 27 0
e 6 28 0
e 7 9 0
e 7 25 0
e 7 26 0
e 8 29 0
e 8 30 0
e 9 31 0
e 9 32 0
e 10 12 0
e 10 33 0
e 10 34 0
e 11 13 0
e 11 14 0
e 13 15 0
e 13 35 0
e 14 16 0
e 14 36 0
e 15 17 0
e 15 37 0
e 16 17 0
e 16 38 0
e 18 19 0
e 18 20 0
e 19 21 0
e 20 22 0
e 20 40 0
e 21 24 0
e 21 41 0
e 22 24 0
e 22 42 0
e 23 44 0
e 23 45 0
e 23 46 0
e 24 43 0
ID 22
v 0 2
v 1 2
v 2 2
v 3 3
v 4 4
v 5 4
v 6 4
v 7 4
v 8 4
v 9 4
v 10 4
v 11 4
v 12 4
v 13 4
v 14 4
v 15 4
v 16 4
v 17 4
v 18 4
v 19 4
v 20 5
v 21 5
v 22 5
v 23 5
v 24 5
v 25 5
v 26 5
v 27 5
v 28 5
v 29 5
v 30 5
v 31 5
v 32 5
v 33 5
v 34 5
v 35 5
v 36 5
v 37 5
v 38 5
v 39 5
v 40 5
v 41 5
v 42 5
v 43 5
v 44 5
v 45 5
v 46 5
e 0 16 0
e 1 17 0
e 1 18 0
e 2 17 0
e 3 14 0
e 3 15 0
e 3 16 0
e 4 5 0
e 4 6 0
e 4 9 0
e 4 20 0
e 5 7 0
e 5 21 0
e 5 22 0
e 6 8 0
e 6 23 0
e 6 24 0
e 7 8 0
e 7 27 0
e 7 28 0
e 8 25 0
e 8 26 0
e 9 10 0
e 9 29 0
e 9 30 0
e 10 16 0
e 10 31 0
e 10 32 0
e 11 12 0
e 11 13 0
e 11 17 0
e 11 33 0
e 12 14 0
e 12 34 0
e 12 37 0
e 13 15 0
e 13 35 0
e 13 36 0
e 14 38 0
e 14 39 0
e 15 40 0
e 15 41 0
e 18 19 0
e 18 42 0
e 18 43 0
e 19 44 0
e 19 45 0
e 19 46 0
ID 23
v 0 8
v 1 2
v 2 2
v 3 2
v 4 2
v 5 2
v 6 2
v 7 4
v 8 4
v 9 4
v 10 4
v 11 4
v 12 4
v 13 4
v 14 4
v 15 4
v 16 4
v 17 4
v 18 4
v 19 4
v 20 4
v 21 4
v 22 4
v 23 4
v 24 4
v 25 4
v 26 4
v 27 5
v 28 5
v 29 5
v 30 5
v 31 5
v 32 5
v 33 5
v 34 5
v 35 5
v 36 5
v 37 5
v 38 5
v 39 5
v 40 5
v 41 5
v 42 5
v 43 5
e 0 24 0
e 1 8 0
e 1 11 0
e 2 9 0
e 2 17 0
e 3 14 0
e 3 18 0
e 4 10 0
e 5 21 0
e 5 25 0
e 6 21 0
e 7 8 0
e 7 10 0
e 7 13 0
e 8 12 0
e 9 10 0
e 9 11 0
e 11 16 0
e 12 14 0
e 12 27 0
e 13 15 0
e 13 28 0
e 14 15 0
e 15 29 0
e 16 30 0
e 16 31 0
e 16 32 0
e 17 19 0
e 17 20 0
e 18 21 0
e 18 33 0
e 18 34 0
e 19 22 0
e 19 35 0
e 20 23 0
e 20 36 0
e 22 24 0
e 22 37 0
e 23 24 0
e 23 38 0
e 25 26 0
e 25 39 0
e 25 40 0
e 26 41 0
e 26 42 0
e 26 43 0
ID 24
v 0 7
v 1 7
v 2 2
v 3 2
v 4 3
v 5 3
v 6 4
v 7 4
v 8 4
v 9 4
v 10 4
v 11 4
v 12 4
v 13 4
v 14 4
v 15 4
v 16 4
v 17 4
v 18 4
v 19 4
v 20 4
v 21 4
v 22 4
v 23 4
v 24 5
v 25 5
v 26 5
v 27 5
v 28 5
v 29 5
v 30 5
v 31 5
v 32 5
v 33 5
v 34 5
v 35 5
v 36 5
v 37 5
v 38 5
v 39 5
e 0 21 0
e 1 22 0
e 2 9 0
e 3 10 0
e 4 7 0
e 4 9 0
e 4 11 0
e 5 10 0
e 5 14 0
e 5 29 0
e 6 7 0
e 6 8 0
e 6 10 0
e 6 24 0
e 7 25 0
e 7 26 0
e 8 9 0
e 8 27 0
e 8 28 0
e 11 12 0
e 11 13 0
e 12 15 0
e 12 30 0
e 13 16 0
e 13 31 0
e 14 18 0
e 14 19 0
e 15 17 0
e 15 32 0
e 16 17 0
e 16 33 0
e 17 20 0
e 18 22 0
e 18 34 0
e 19 21 0
e 19 35 0
e 20 36 0
e 20 37 0
e 20 38 0
e 21 23 0
e 22 23 0
e 23 39 0
ID 25
v 0 8
v 1 6
v 2 1
v 3 2
v 4 2
v 5 2
v 6 3
v 7 3
v 8 4
v 9 4
v 10 4
v 11 4
v 12 4
v 13 4
v 14 4
v 15 4
v 16 4
v 17 4
v 18 4
v 19 4
v 20 4
v 21 4
v 22 4
v 23 4
v 24 4
v 25 4
v 26 4
v 27 4
v 28 4
v 29 4
v 30 5
v 31 5
v 32 5
v 33 5
v 34 5
v 35 5
v 36 5
v 37 5
v 38 5
v 39 5
v 40 5
v 41 5
v 42 5
v 43 5
v 44 5
v 45 5
v 46 5
v 47 5
v 48 5
v 49 5
e 0 29 0
e 1 3 0
e 1 4 0
e 1 6 0
e 1 8 0
e 2 25 0
e 5 23 0
e 6 9 0
e 6 32 0
e 7 23 0
e 7 24 0
e 7 46 0
e 8 10 0
e 8 11 0
e 9 12 0
e 9 30 0
e 9 31 0
e 10 14 0
e 10 16 0
e 11 13 0
e 11 33 0
e 12 17 0
e 12 18 0
e 13 15 0
e 13 22 0
e 14 15 0
e 14 34 0
e 15 35 0
e 16 36 0
e 16 37 0
e 16 38 0
e 17 20 0
e 17 39 0
e 18 21 0
e 18 40 0
e 19 20 0
e 19 21 0
e 19 23 0
e 20 41 0
e 21 42 0
e 22 43 0
e 22 44 0
e 22 45 0
e 24 25 0
e 24 26 0
e 25 27 0
e 26 28 0
e 26 47 0
e 27 29 0
e 27 48 0
e 28 29 0
e 28 49 0
ID 26
v 0 6
v 1 1
v 2 2
v 3 2
v 4 2
v 5 2
v 6 2
v 7 3
v 8 3
v 9 4
v 10 4
v 11 4
v 12 4
v 13 4
v 14 4
v 15 4
v 16 4
v 17 4
v 18 4
v 19 4
v 20 4
v 21 4
v 22 4
v 23 4
v 24 4
v 25 4
v 26 4
v 27 4
v 28 4
v 29 4
v 30 4
v 31 4
v 32 5
v 33 5
v 34 5
v 35 5
v 36 5
v 37 5
v 38 5
v 39 5
v 40 5
v 41 5
v 42 5
v 43 5
v 44 5
v 45 5
v 46 5
v 47 5
v 48 5
v 49 5
v 50 5
v 51 5
v 52 5
v 53 5
v 54 5
e 0 4 0
e 0 5 0
e 0 8 0
e 0 19 0
e 1 27 0
e 2 18 0
e 2 30 0
e 3 20 0
e 3 31 0
e 6 16 0
e 7 10 0
e 7 16 0
e 7 36 0
e 8 14 0
e 8 40 0
e 9 10 0
e 9 11 0
e 9 32 0
e 9 33 0
e 10 34 0
e 10 35 0
e 11 13 0
e 11 15 0
e 12 16 0
e 12 17 0
e 12 22 0
e 13 18 0
e 13 37 0
e 14 17 0
e 14 23 0
e 15 21 0
e 15 38 0
e 17 39 0
e 18 20 0
e 19 25 0
e 19 26 0
e 20 21 0
e 21 41 0
e 22 24 0
e 22 42 0
e 23 24 0
e 23 43 0
e 24 44 0
e 25 27 0
e 25 45 0
e 26 28 0
e 26 46 0
e 27 29 0
e 28 29 0
e 28 47 0
e 29 48 0
e 30 49 0
e 30 50 0
e 30 51 0
e 31 52 0
e 31 53 0
e 31 54 0
ID 27
v 0 2
v 1 2
v 2 2
v 3 3
v 4 3
v 5 4
v 6 4
v 7 4
v 8 4
v 9 4
v 10 4
v 11 4
v 12 4
v 13 4
v 14 4
v 15 4
v 16 4
v 17 4
v 18 4
v 19 4
v 20 4
v 21 4
v 22 4
v 23 5
v 24 5
v 25 5
v 26 5
v 27 5
v 28 5
v 29 5
v 30 5
v 31 5
v 32 5
v 33 5
v 34 5
v 35 5
v 36 5
v 37 5
v 38 5
v 39 5
v 40 5
v 41 5
v 42 5
e 0 17 0
e 0 22 0
e 1 9 0
e 2 13 0
e 3 5 0
e 3 9 0
e 3 27 0
e 4 7 0
e 4 13 0
e 4 28 0
e 5 7 0
e 5 10 0
e 6 8 0
e 6 9 0
e 6 23 0
e 6 24 0
e 7 11 0
e 8 14 0
e 8 25 0
e 8 26 0
e 10 15 0
e 10 29 0
e 11 16 0
e 11 30 0
e 12 13 0
e 12 17 0
e 12 18 0
e 14 31 0
e 14 32 0
e 14 33 0
e 15 16 0
e 15 34 0
e 16 35 0
e 17 19 0
e 18 20 0
e 18 36 0
e 19 21 0
e 19 37 0
e 20 21 0
e 20 38 0
e 21 39 0
e 22 40 0
e 22 41 0
e 22 42 0
ID 28
v 0 2
v 1 3
v 2 3
v 3 3
v 4 3
v 5 3
v 6 3
v 7 4
v 8 4
v 9 4
v 10 4
v 11 4
v 12 4
v 13 4
v 14 4
v 15 4
v 16 4
v 17 4
v 18 4
v 19 4
v 20 4
v 21 4
v 22 4
v 23 4
v 24 4
v 25 4
v 26 4
v 27 4
v 28 4
v 29 4
v 30 4
v 31 4
v 32 5
v 33 5
v 34 5
v 35 5
v 36 5
v 37 5
v 38 5
v 39 5
v 40 5
v 41 5
v 42 5
v 43 5
v 44 5
v 45 5
v 46 5
v 47 5
v 48 5
v 49 5
v 50 5
v 51 5
v 52 5
v 53 5
v 54 5
v 55 5
v 56 5
v 57 5
v 58 5
v 59 5
v 60 5
v 61 5
v 62 5
v 63 5
e 0 11 0
e 0 18 0
e 1 2 0
e 1 16 0
e 1 22 0
e 2 17 0
e 3 18 0
e 3 48 0
e 3 49 0
e 4 5 0
e 4 24 0
e 4 29 0
e 5 26 0
e 6 25 0
e 7 8 0
e 7 13 0
e 7 15 0
e 7 32 0
e 8 9 0
e 8 11 0
e 9 10 0
e 9 33 0
e 9 34 0
e 10 12 0
e 10 35 0
e 10 36 0
e 11 14 0
e 12 14 0
e 12 37 0
e 12 38 0
e 13 16 0
e 13 17 0
e 14 19 0
e 15 18 0
e 15 25 0
e 16 21 0
e 17 23 0
e 19 20 0
e 19 39 0
e 20 24 0
e 20 26 0
e 21 40 0
e 21 41 0
e 21 42 0
e 22 27 0
e 22 43 0
e 22 44 0
e 23 45 0
e 23 46 0
e 23 47 0
e 24 28 0
e 26 30 0
e 27 50 0
e 27 51 0
e 27 52 0
e 28 53 0
e 28 54 0
e 28 55 0
e 29 31 0
e 29 56 0
e 29 57 0
e 30 58 0
e 30 59 0
e 30 60 0
e 31 61 0
e 31 62 0
e 31 63 0
ID 29
v 0 6
v 1 6
v 2 2
v 3 2
v 4 3
v 5 3
v 6 3
v 7 4
v 8 4
v 9 4
v 10 4
v 11 4
v 12 4
v 13 4
v 14 4
v 15 4
v 16 4
v 17 4
v 18 4
v 19 4
v 20 4
v 21 4
v 22 4
v 23 4
v 24 4
v 25 4
v 26 4
v 27 4
v 28 5
v 29 5
v 30 5
v 31 5
v 32 5
v 33 5
v 34 5
v 35 5
v 36 5
v 37 5
v 38 5
v 39 5
v 40 5
v 41 5
v 42 5
v 43 5
v 44 5
v 45 5
v 46 5
v 47 5
v 48 5
e 0 12 0
e 0 14 0
e 1 16 0
e 1 19 0
e 2 15 0
e 3 20 0
e 4 15 0
e 4 16 0
e 4 17 0
e 5 14 0
e 5 16 0
e 6 20 0
e 6 22 0
e 6 43 0
e 7 8 0
e 7 12 0
e 7 13 0
e 8 9 0
e 8 28 0
e 8 29 0
e 9 10 0
e 9 30 0
e 9 31 0
e 10 11 0
e 10 32 0
e 10 33 0
e 11 12 0
e 11 34 0
e 11 35 0
e 13 14 0
e 13 15 0
e 17 18 0
e 17 36 0
e 17 37 0
e 18 21 0
e 18 38 0
e 19 20 0
e 19 39 0
e 19 40 0
e 21 41 0
e 21 42 0
e 22 23 0
e 22 24 0
e 23 25 0
e 23 44 0
e 24 26 0
e 24 45 0
e 25 27 0
e 25 46 0
e 26 27 0
e 26 47 0
e 27 48 0
ID 30
v 0 1
v 1 1
v 2 2
v 3 2
v 4 3
v 5 3
v 6 3
v 7 3
v 8 4
v 9 4
v 10 4
v 11 4
v 12 4
v 13 4
v 14 4
v 15 4
v 16 4
v 17 4
v 18 4
v 19 4
v 20 4
v 21 4
v 22 4
v 23 4
v 24 4
v 25 5
v 26 5
v 27 5
v 28 5
v 29 5
v 30 5
v 31 5
v 32 5
v 33 5
v 34 5
v 35 5
v 36 5
v 37 5
v 38 5
v 39 5
v 40 5
e 0 17 0
e 1 17 0
e 2 18 0
e 2 24 0
e 3 14 0
e 4 7 0
e 4 8 0
e 4 10 0
e 5 11 0
e 5 14 0
e 5 29 0
e 6 8 0
e 6 13 0
e 7 15 0
e 8 9 0
e 9 14 0
e 9 15 0
e 10 12 0
e 10 17 0
e 11 16 0
e 11 25 0
e 11 26 0
e 12 13 0
e 12 27 0
e 13 19 0
e 15 28 0
e 16 18 0
e 16 20 0
e 17 30 0
e 18 21 0
e 19 31 0
e 19 32 0
e 19 33 0
e 20 22 0
e 20 34 0
e 21 23 0
e 21 35 0
e 22 23 0
e 22 36 0
e 23 37 0
e 24 38 0
e 24 39 0
e 24 40 0
ID 31
v 0 1
v 1 1
v 2 2
v 3 2
v 4 2
v 5 2
v 6 3
v 7 3
v 8 3
v 9 3
v 10 4
v 11 4
v 12 4
v 13 4
v 14 4
v 15 4
v 16 4
v 17 4
v 18 4
v 19 4
v 20 4
v 21 4
v 22 4
v 23 4
v 24 4
v 25 4
v 26 4
v 27 4
v 28 4
v 29 4
v 30 4
v 31 4
v 32 4
v 33 4
v 34 4
v 35 5
v 36 5
v 37 5
v 38 5
v 39 5
v 40 5
v 41 5
v 42 5
v 43 5
v 44 5
v 45 5
v 46 5
v 47 5
v 48 5
v 49 5
v 50 5
v 51 5
v 52 5
v 53 5
v 54 5
v 55 5
v 56 5
e 0 19 0
e 1 19 0
e 2 17 0
e 3 25 0
e 3 33 0
e 4 26 0
e 4 34 0
e 5 30 0
e 6 8 0
e 6 10 0
e 6 11 0
e 7 10 0
e 7 13 0
e 8 16 0
e 9 17 0
e 9 18 0
e 9 38 0
e 10 12 0
e 11 14 0
e 11 19 0
e 12 16 0
e 12 17 0
e 13 14 0
e 13 15 0
e 14 35 0
e 15 21 0
e 15 22 0
e 16 36 0
e 18 20 0
e 18 23 0
e 19 37 0
e 20 24 0
e 20 30 0
e 21 28 0
e 21 39 0
e 22 29 0
e 22 40 0
e 23 25 0
e 23 41 0
e 24 26 0
e 24 42 0
e 25 26 0
e 27 28 0
e 27 29 0
e 27 31 0
e 28 43 0
e 29 44 0
e 30 32 0
e 31 45 0
e 31 46 0
e 31 47 0
e 32 48 0
e 32 49 0
e 32 50 0
e 33 51 0
e 33 52 0
e 33 53 0
e 34 54 0
e 34 55 0
e 34 56 0
ID 32
v 0 8
v 1 8
v 2 2
v 3 2
v 4 2
v 5 2
v 6 2
v 7 4
v 8 4
v 9 4
v 10 4
v 11 4
v 12 4
v 13 4
v 14 4
v 15 4
v 16 4
v 17 4
v 18 4
v 19 4
v 20 4
v 21 4
v 22 4
v 23 4
v 24 4
v 25 4
v 26 5
v 27 5
v 28 5
v 29 5
v 30 5
v 31 5
v 32 5
v 33 5
v 34 5
v 35 5
v 36 5
v 37 5
e 0 13 0
e 1 18 0
e 2 8 0
e 2 14 0
e 3 15 0
e 3 19 0
e 4 14 0
e 5 16 0
e 6 19 0
e 7 8 0
e 7 9 0
e 7 11 0
e 8 13 0
e 9 10 0
e 9 26 0
e 10 14 0
e 10 19 0
e 11 18 0
e 11 27 0
e 12 16 0
e 12 21 0
e 12 22 0
e 13 20 0
e 15 16 0
e 15 28 0
e 15 29 0
e 17 23 0
e 17 24 0
e 17 25 0
e 18 20 0
e 20 32 0
e 21 23 0
e 21 30 0
e 22 24 0
e 22 31 0
e 23 33 0
e 24 34 0
e 25 35 0
e 25 36 0
e 25 37 0
ID 33
v 0 7
v 1 6
v 2 2
v 3 3
v 4 3
v 5 3
v 6 4
v 7 4
v 8 4
v 9 4
v 10 4
v 11 4
v 12 4
v 13 4
v 14 4
v 15 4
v 16 4
v 17 4
v 18 4
v 19 4
v 20 4
v 21 4
v 22 4
v 23 4
v 24 4
v 25 4
v 26 4
v 27 4
v 28 5
v 29 5
v 30 5
v 31 5
v 32 5
v 33 5
v 34 5
v 35 5
v 36 5
v 37 5
v 38 5
v 39 5
v 40 5
v 41 5
v 42 5
v 43 5
e 0 19 0
e 1 8 0
e 1 14 0
e 2 17 0
e 3 6 0
e 3 7 0
e 3 8 0
e 4 5 0
e 4 6 0
e 5 8 0
e 6 9 0
e 7 10 0
e 7 11 0
e 9 12 0
e 9 13 0
e 10 15 0
e 10 28 0
e 11 16 0
e 11 29 0
e 12 20 0
e 12 32 0
e 13 21 0
e 13 33 0
e 14 17 0
e 14 30 0
e 14 31 0
e 15 19 0
e 15 34 0
e 16 19 0
e 16 35 0
e 17 18 0
e 18 23 0
e 18 24 0
e 20 22 0
e 20 36 0
e 21 22 0
e 21 37 0
e 22 38 0
e 23 25 0
e 23 39 0
e 24 26 0
e 24 40 0
e 25 27 0
e 25 41 0
e 26 27 0
e 26 42 0
e 27 43 0
ID 34
v 0 6
v 1 2
v 2 2
v 3 2
v 4 2
v 5 2
v 6 2
v 7 3
v 8 4
v 9 4
v 10 4
v 11 4
v 12 4
v 13 4
v 14 4
v 15 4
v 16 4
v 17 4
v 18 4
v 19 4
v 20 4
v 21 4
v 22 4
v 23 4
v 24 4
v 25 4
v 26 4
v 27 4
v 28 4
v 29 4
v 30 4
v 31 4
v 32 4
v 33 5
v 34 5
v 35 5
v 36 5
v 37 5
v 38 5
v 39 5
v 40 5
v 41 5
v 42 5
v 43 5
v 44 5
v 45 5
v 46 5
v 47 5
v 48 5
v 49 5
v 50 5
v 51 5
v 52 5
v 53 5
e 0 2 0
e 0 3 0
e 0 7 0
e 0 16 0
e 1 10 0
e 1 13 0
e 4 17 0
e 5 18 0
e 6 26 0
e 6 32 0
e 7 9 0
e 7 17 0
e 8 10 0
e 8 11 0
e 8 12 0
e 9 11 0
e 9 14 0
e 10 15 0
e 11 33 0
e 12 13 0
e 12 18 0
e 13 19 0
e 14 15 0
e 14 34 0
e 15 35 0
e 16 21 0
e 16 22 0
e 17 20 0
e 18 25 0
e 19 36 0
e 19 37 0
e 19 38 0
e 20 27 0
e 20 28 0
e 21 23 0
e 21 39 0
e 22 24 0
e 22 40 0
e 23 26 0
e 23 41 0
e 24 26 0
e 24 42 0
e 25 43 0
e 25 44 0
e 25 45 0
e 27 29 0
e 27 46 0
e 28 30 0
e 28 47 0
e 29 31 0
e 29 48 0
e 30 31 0
e 30 49 0
e 31 50 0
e 32 51 0
e 32 52 0
e 32 53 0
ID 35
v 0 8
v 1 7
v 2 7
v 3 2
v 4 3
v 5 3
v 6 3
v 7 4
v 8 4
v 9 4
v 10 4
v 11 4
v 12 4
v 13 4
v 14 4
v 15 4
v 16 4
v 17 4
v 18 4
v 19 4
v 20 4
v 21 4
v 22 4
v 23 4
v 24 5
v 25 5
v 26 5
v 27 5
v 28 5
v 29 5
v 30 5
v 31 5
v 32 5
v 33 5
v 34 5
v 35 5
e 0 17 0
e 1 21 0
e 2 22 0
e 3 14 0
e 4 6 0
e 4 7 0
e 4 15 0
e 5 14 0
e 5 16 0
e 5 31 0
e 6 18 0
e 7 8 0
e 7 24 0
e 7 25 0
e 8 10 0
e 8 11 0
e 9 12 0
e 9 13 0
e 9 14 0
e 10 12 0
e 10 26 0
e 11 13 0
e 11 27 0
e 12 28 0
e 13 29 0
e 15 17 0
e 15 30 0
e 16 19 0
e 16 20 0
e 17 18 0
e 18 32 0
e 19 22 0
e 19 33 0
e 20 21 0
e 20 34 0
e 21 23 0
e 22 23 0
e 23 35 0
ID 36
v 0 6
v 1 2
v 2 2
v 3 2
v 4 3
v 5 3
v 6 3
v 7 3
v 8 4
v 9 4
v 10 4
v 11 4
v 12 4
v 13 4
v 14 4
v 15 4
v 16 4
v 17 4
v 18 4
v 19 4
v 20 4
v 21 4
v 22 4
v 23 4
v 24 4
v 25 4
v 26 4
v 27 4
v 28 4
v 29 4
v 30 4
v 31 5
v 32 5
v 33 5
v 34 5
v 35 5
v 36 5
v 37 5
v 38 5
v 39 5
v 40 5
v 41 5
v 42 5
v 43 5
v 44 5
v 45 5
v 46 5
v 47 5
v 48 5
v 49 5
v 50 5
v 51 5
v 52 5
v 53 5
v 54 5
v 55 5
v 56 5
v 57 5
v 58 5
e 0 21 0
e 0 22 0
e 1 18 0
e 2 26 0
e 2 29 0
e 3 27 0
e 3 30 0
e 4 8 0
e 4 18 0
e 4 37 0
e 5 19 0
e 5 22 0
e 5 25 0
e 6 7 0
e 6 19 0
e 7 22 0
e 8 9 0
e 8 10 0
e 9 11 0
e 9 13 0
e 10 12 0
e 10 14 0
e 11 16 0
e 11 31 0
e 11 32 0
e 12 17 0
e 12 33 0
e 12 34 0
e 13 15 0
e 13 35 0
e 14 15 0
e 14 36 0
e 15 38 0
e 16 39 0
e 16 40 0
e 16 41 0
e 17 42 0
e 17 43 0
e 17 44 0
e 18 21 0
e 19 20 0
e 20 23 0
e 20 24 0
e 21 45 0
e 21 46 0
e 23 26 0
e 23 47 0
e 24 28 0
e 24 48 0
e 25 49 0
e 25 50 0
e 25 51 0
e 26 27 0
e 27 28 0
e 28 52 0
e 29 53 0
e 29 54 0
e 29 55 0
e 30 56 0
e 30 57 0
e 30 58 0
ID 37
v 0 8
v 1 7
v 2 2
v 3 3
v 4 4
v 5 4
v 6 4
v 7 4
v 8 4
v 9 4
v 10 4
v 11 4
v 12 4
v 13 4
v 14 4
v 15 4
v 16 4
v 17 4
v 18 4
v 19 5
v 20 5
v 21 5
v 22 5
v 23 5
v 24 5
v 25 5
v 26 5
v 27 5
v 28 5
v 29 5
v 30 5
v 31 5
e 0 16 0
e 1 14 0
e 2 9 0
e 3 5 0
e 3 9 0
e 3 23 0
e 4 5 0
e 4 6 0
e 4 19 0
e 4 20 0
e 5 21 0
e 5 22 0
e 6 7 0
e 6 8 0
e 7 11 0
e 7 24 0
e 8 12 0
e 8 25 0
e 9 10 0
e 10 13 0
e 10 14 0
e 11 15 0
e 11 26 0
e 12 15 0
e 12 27 0
e 13 16 0
e 13 28 0
e 14 17 0
e 15 29 0
e 16 18 0
e 17 18 0
e 17 30 0
e 18 31 0
ID 38
v 0 2
v 1 2
v 2 2
v 3 2
v 4 2
v 5 2
v 6 3
v 7 3
v 8 3
v 9 3
v 10 4
v 11 4
v 12 4
v 13 4
v 14 4
v 15 4
v 16 4
v 17 4
v 18 4
v 19 4
v 20 4
v 21 4
v 22 4
v 23 4
v 24 4
v 25 4
v 26 4
v 27 4
v 28 5
v 29 5
v 30 5
v 31 5
v 32 5
v 33 5
v 34 5
v 35 5
v 36 5
v 37 5
v 38 5
v 39 5
v 40 5
v 41 5
v 42 5
v 43 5
v 44 5
v 45 5
e 0 16 0
e 0 24 0
e 1 15 0
e 2 16 0
e 3 21 0
e 4 9 0
e 5 9 0
e 6 10 0
e 6 13 0
e 6 15 0
e 7 13 0
e 7 14 0
e 7 29 0
e 8 15 0
e 8 21 0
e 8 36 0
e 9 22 0
e 10 11 0
e 10 12 0
e 10 28 0
e 11 14 0
e 11 16 0
e 12 18 0
e 12 19 0
e 13 17 0
e 14 20 0
e 17 21 0
e 17 30 0
e 18 22 0
e 18 31 0
e 19 23 0
e 19 32 0
e 20 33 0
e 20 34 0
e 20 35 0
e 22 25 0
e 23 25 0
e 23 37 0
e 24 26 0
e 24 27 0
e 24 38 0
e 25 39 0
e 26 40 0
e 26 41 0
e 26 42 0
e 27 43 0
e 27 44 0
e 27 45 0
ID 39
v 0 6
v 1 6
v 2 2
v 3 2
v 4 2
v 5 2
v 6 3
v 7 3
v 8 3
v 9 4
v 10 4
v 11 4
v 12 4
v 13 4
v 14 4
v 15 4
v 16 4
v 17 4
v 18 4
v 19 4
v 20 4
v 21 4
v 22 4
v 23 4
v 24 4
v 25 4
v 26 4
v 27 4
v 28 4
v 29 4
v 30 4
v 31 4
v 32 4
v 33 4
v 34 5
v 35 5
v 36 5
v 37 5
v 38 5
v 39 5
v 40 5
v 41 5
v 42 5
v 43 5
v 44 5
v 45 5
v 46 5
v 47 5
v 48 5
v 49 5
v 50 5
v 51 5
v 52 5
v 53 5
v 54 5
v 55 5
v 56 5
v 57 5
v 58 5
v 59 5
v 60 5
v 61 5
v 62 5
e 0 14 0
e 0 17 0
e 1 19 0
e 1 21 0
e 2 18 0
e 3 25 0
e 4 30 0
e 4 32 0
e 5 30 0
e 6 18 0
e 6 19 0
e 6 20 0
e 7 17 0
e 7 19 0
e 8 23 0
e 8 27 0
e 8 49 0
e 9 10 0
e 9 11 0
e 9 16 0
e 9 34 0
e 10 12 0
e 10 35 0
e 10 36 0
e 11 14 0
e 11 37 0
e 11 38 0
e 12 13 0
e 12 39 0
e 12 40 0
e 13 14 0
e 13 15 0
e 15 17 0
e 15 18 0
e 16 41 0
e 16 42 0
e 16 43 0
e 20 22 0
e 20 44 0
e 20 45 0
e 21 25 0
e 21 46 0
e 21 47 0
e 22 31 0
e 22 48 0
e 23 24 0
e 23 25 0
e 24 26 0
e 24 28 0
e 26 27 0
e 26 30 0
e 27 29 0
e 28 50 0
e 28 51 0
e 28 52 0
e 29 53 0
e 29 54 0
e 29 55 0
e 31 56 0
e 31 57 0
e 32 33 0
e 32 58 0
e 32 59 0
e 33 60 0
e 33 61 0
e 33 62 0
ID 40
v 0 7
v 1 6
v 2 2
v 3 2
v 4 2
v 5 2
v 6 2
v 7 3
v 8 3
v 9 4
v 10 4
v 11 4
v 12 4
v 13 4
v 14 4
v 15 4
v 16 4
v 17 4
v 18 4
v 19 4
v 20 4
v 21 4
v 22 4
v 23 4
v 24 4
v 25 4
v 26 4
v 27 4
v 28 4
v 29 5
v 30 5
v 31 5
v 32 5
v 33 5
v 34 5
v 35 5
v 36 5
v 37 5
v 38 5
v 39 5
v 40 5
v 41 5
v 42 5
v 43 5
v 44 5
v 45 5
v 46 5
v 47 5
e 0 26 0
e 1 4 0
e 1 5 0
e 1 14 0
e 1 16 0
e 2 12 0
e 2 13 0
e 3 11 0
e 3 15 0
e 6 27 0
e 6 28 0
e 7 9 0
e 7 10 0
e 7 11 0
e 8 14 0
e 8 15 0
e 9 12 0
e 9 31 0
e 9 32 0
e 10 13 0
e 10 29 0
e 10 30 0
e 11 14 0
e 12 33 0
e 12 34 0
e 13 35 0
e 13 36 0
e 15 17 0
e 16 18 0
e 16 19 0
e 17 20 0
e 17 21 0
e 18 22 0
e 18 37 0
e 19 23 0
e 19 38 0
e 20 24 0
e 20 39 0
e 21 25 0
e 21 40 0
e 22 26 0
e 22 41 0
e 23 26 0
e 23 42 0
e 24 27 0
e 24 43 0
e 25 27 0
e 25 44 0
e 28 45 0
e 28 46 0
e 28 47 0
ID 41
v 0 7
v 1 2
v 2 2
v 3 3
v 4 3
v 5 3
v 6 3
v 7 4
v 8 4
v 9 4
v 10 4
v 11 4
v 12 4
v 13 4
v 14 4
v 15 4
v 16 4
v 17 4
v 18 4
v 19 4
v 20 4
v 21 4
v 22 4
v 23 4
v 24 4
v 25 4
v 26 4
v 27 4
v 28 4
v 29 4
v 30 4
v 31 4
v 32 4
v 33 5
v 34 5
v 35 5
v 36 5
v 37 5
v 38 5
v 39 5
v 40 5
v 41 5
v 42 5
v 43 5
v 44 5
v 45 5
v 46 5
v 47 5
v 48 5
v 49 5
v 50 5
v 51 5
v 52 5
v 53 5
v 54 5
v 55 5
e 0 30 0
e 1 23 0
e 2 26 0
e 3 10 0
e 3 19 0
e 4 5 0
e 4 23 0
e 4 49 0
e 5 26 0
e 5 50 0
e 6 26 0
e 6 27 0
e 6 51 0
e 7 8 0
e 7 13 0
e 7 14 0
e 7 33 0
e 8 11 0
e 8 12 0
e 9 10 0
e 9 15 0
e 9 16 0
e 10 20 0
e 11 15 0
e 11 34 0
e 12 16 0
e 12 35 0
e 13 36 0
e 13 37 0
e 13 38 0
e 14 39 0
e 14 40 0
e 14 41 0
e 15 42 0
e 16 43 0
e 17 18 0
e 17 19 0
e 17 21 0
e 18 20 0
e 18 23 0
e 19 22 0
e 20 44 0
e 21 24 0
e 21 45 0
e 22 25 0
e 22 46 0
e 24 25 0
e 24 47 0
e 25 48 0
e 27 28 0
e 27 29 0
e 28 30 0
e 28 52 0
e 29 31 0
e 29 53 0
e 30 32 0
e 31 32 0
e 31 54 0
e 32 55 0
ID 42
v 0 2
v 1 2
v 2 3
v 3 3
v 4 4
v 5 4
v 6 4
v 7 4
v 8 4
v 9 4
v 10 4
v 11 4
v 12 4
v 13 4
v 14 4
v 15 4
v 16 4
v 17 4
v 18 4
v 19 4
v 20 4
v 21 4
v 22 4
v 23 4
v 24 4
v 25 4
v 26 4
v 27 4
v 28 4
v 29 4
v 30 5
v 31 5
v 32 5
v 33 5
v 34 5
v 35 5
v 36 5
v 37 5
v 38 5
v 39 5
v 40 5
v 41 5
v 42 5
v 43 5
v 44 5
v 45 5
v 46 5
v 47 5
v 48 5
v 49 5
v 50 5
v 51 5
v 52 5
v 53 5
v 54 5
v 55 5
e 0 11 0
e 0 12 0
e 1 3 0
e 1 49 0
e 2 4 0
e 2 6 0
e 2 7 0
e 3 10 0
e 3 13 0
e 4 5 0
e 4 8 0
e 4 30 0
e 5 9 0
e 5 10 0
e 6 11 0
e 6 31 0
e 6 32 0
e 7 12 0
e 7 33 0
e 7 34 0
e 8 16 0
e 8 17 0
e 9 13 0
e 9 15 0
e 10 14 0
e 11 35 0
e 11 36 0
e 12 37 0
e 12 38 0
e 13 18 0
e 14 24 0
e 14 25 0
e 15 19 0
e 15 39 0
e 16 20 0
e 16 40 0
e 17 21 0
e 17 41 0
e 18 22 0
e 18 42 0
e 19 22 0
e 19 43 0
e 20 23 0
e 20 44 0
e 21 23 0
e 21 45 0
e 22 46 0
e 23 28 0
e 24 26 0
e 24 47 0
e 25 27 0
e 25 48 0
e 26 29 0
e 26 50 0
e 27 29 0
e 27 51 0
e 28 52 0
e 28 53 0
e 28 54 0
e 29 55 0
ID 43
v 0 6
v 1 2
v 2 2
v 3 2
v 4 2
v 5 3
v 6 3
v 7 3
v 8 4
v 9 4
v 10 4
v 11 4
v 12 4
v 13 4
v 14 4
v 15 4
v 16 4
v 17 4
v 18 4
v 19 4
v 20 4
v 21 4
v 22 4
v 23 4
v 24 4
v 25 4
v 26 4
v 27 4
v 28 4
v 29 4
v 30 4
v 31 4
v 32 4
v 33 5
v 34 5
v 35 5
v 36 5
v 37 5
v 38 5
v 39 5
v 40 5
v 41 5
v 42 5
v 43 5
v 44 5
v 45 5
v 46 5
v 47 5
v 48 5
v 49 5
v 50 5
v 51 5
v 52 5
v 53 5
v 54 5
v 55 5
e 0 11 0
e 0 20 0
e 1 10 0
e 2 28 0
e 2 31 0
e 3 29 0
e 3 32 0
e 4 25 0
e 5 8 0
e 5 10 0
e 5 11 0
e 6 11 0
e 6 12 0
e 7 23 0
e 7 25 0
e 7 46 0
e 8 13 0
e 8 14 0
e 9 10 0
e 9 12 0
e 9 15 0
e 12 17 0
e 13 18 0
e 13 33 0
e 14 19 0
e 14 34 0
e 15 21 0
e 15 35 0
e 16 18 0
e 16 19 0
e 16 24 0
e 17 22 0
e 17 36 0
e 18 37 0
e 19 38 0
e 20 25 0
e 20 39 0
e 20 40 0
e 21 22 0
e 21 41 0
e 22 42 0
e 23 26 0
e 23 27 0
e 24 43 0
e 24 44 0
e 24 45 0
e 26 29 0
e 26 47 0
e 27 28 0
e 27 48 0
e 28 30 0
e 29 30 0
e 30 49 0
e 31 50 0
e 31 51 0
e 31 52 0
e 32 53 0
e 32 54 0
e 32 55 0
ID 44
v 0 7
v 1 1
v 2 2
v 3 2
v 4 2
v 5 2
v 6 3
v 7 3
v 8 4
v 9 4
v 10 4
v 11 4
v 12 4
v 13 4
v 14 4
v 15 4
v 16 4
v 17 4
v 18 4
v 19 4
v 20 4
v 21 4
v 22 4
v 23 4
v 24 4
v 25 4
v 26 4
v 27 4
v 28 4
v 29 4
v 30 4
v 31 4
v 32 5
v 33 5
v 34 5
v 35 5
v 36 5
v 37 5
v 38 5
v 39 5
v 40 5
v 41 5
v 42 5
v 43 5
v 44 5
v 45 5
v 46 5
v 47 5
v 48 5
v 49 5
v 50 5
v 51 5
e 0 29 0
e 1 31 0
e 2 10 0
e 2 17 0
e 3 14 0
e 4 22 0
e 4 26 0
e 5 24 0
e 5 25 0
e 6 17 0
e 6 44 0
e 6 45 0
e 7 23 0
e 8 9 0
e 8 15 0
e 8 16 0
e 8 32 0
e 9 10 0
e 9 14 0
e 10 11 0
e 11 12 0
e 11 33 0
e 11 34 0
e 12 13 0
e 12 35 0
e 12 36 0
e 13 14 0
e 13 37 0
e 13 38 0
e 15 18 0
e 15 19 0
e 16 17 0
e 16 23 0
e 18 20 0
e 18 39 0
e 19 21 0
e 19 40 0
e 20 22 0
e 20 24 0
e 21 22 0
e 21 41 0
e 24 42 0
e 24 43 0
e 25 27 0
e 25 28 0
e 26 46 0
e 26 47 0
e 26 48 0
e 27 29 0
e 27 49 0
e 28 30 0
e 28 50 0
e 29 31 0
e 30 31 0
e 30 51 0
ID 45
v 0 6
v 1 2
v 2 2
v 3 2
v 4 3
v 5 3
v 6 3
v 7 3
v 8 3
v 9 4
v 10 4
v 11 4
v 12 4
v 13 4
v 14 4
v 15 4
v 16 4
v 17 4
v 18 4
v 19 4
v 20 4
v 21 4
v 22 4
v 23 4
v 24 4
v 25 4
v 26 4
v 27 4
v 28 4
v 29 4
v 30 4
v 31 4
v 32 4
v 33 4
v 34 4
v 35 5
v 36 5
v 37 5
v 38 5
v 39 5
v 40 5
v 41 5
v 42 5
v 43 5
v 44 5
v 45 5
v 46 5
v 47 5
v 48 5
v 49 5
v 50 5
v 51 5
v 52 5
v 53 5
v 54 5
v 55 5
v 56 5
v 57 5
v 58 5
v 59 5
e 0 22 0
e 0 25 0
e 1 17 0
e 1 27 0
e 2 23 0
e 3 31 0
e 3 34 0
e 4 9 0
e 4 12 0
e 4 13 0
e 5 6 0
e 5 21 0
e 5 22 0
e 6 25 0
e 7 22 0
e 7 23 0
e 8 21 0
e 8 52 0
e 9 10 0
e 9 14 0
e 10 11 0
e 10 16 0
e 11 13 0
e 11 15 0
e 12 17 0
e 12 35 0
e 12 36 0
e 13 37 0
e 14 19 0
e 14 38 0
e 15 18 0
e 15 39 0
e 16 20 0
e 16 40 0
e 17 41 0
e 17 42 0
e 18 21 0
e 18 23 0
e 19 20 0
e 19 43 0
e 20 44 0
e 24 25 0
e 24 26 0
e 24 45 0
e 24 46 0
e 26 28 0
e 26 47 0
e 26 48 0
e 27 29 0
e 27 30 0
e 28 49 0
e 28 50 0
e 28 51 0
e 29 31 0
e 29 53 0
e 30 32 0
e 30 54 0
e 31 33 0
e 32 33 0
e 32 55 0
e 33 56 0
e 34 57 0
e 34 58 0
e 34 59 0
ID 46
v 0 6
v 1 2
v 2 2
v 3 2
v 4 3
v 5 3
v 6 4
v 7 4
v 8 4
v 9 4
v 10 4
v 11 4
v 12 4
v 13 4
v 14 4
v 15 4
v 16 4
v 17 4
v 18 4
v 19 4
v 20 4
v 21 4
v 22 4
v 23 4
v 24 4
v 25 4
v 26 5
v 27 5
v 28 5
v 29 5
v 30 5
v 31 5
v 32 5
v 33 5
v 34 5
v 35 5
v 36 5
v 37 5
v 38 5
v 39 5
v 40 5
v 41 5
v 42 5
v 43 5
v 44 5
v 45 5
v 46 5
e 0 8 0
e 0 12 0
e 1 6 0
e 1 34 0
e 2 16 0
e 2 23 0
e 3 20 0
e 3 24 0
e 4 7 0
e 4 8 0
e 4 9 0
e 5 6 0
e 5 8 0
e 5 13 0
e 6 7 0
e 6 10 0
e 7 26 0
e 7 27 0
e 9 11 0
e 9 28 0
e 9 29 0
e 10 14 0
e 10 15 0
e 11 12 0
e 11 30 0
e 11 31 0
e 12 32 0
e 12 33 0
e 13 17 0
e 13 18 0
e 14 16 0
e 14 35 0
e 15 19 0
e 15 36 0
e 16 20 0
e 17 21 0
e 17 37 0
e 18 22 0
e 18 38 0
e 19 20 0
e 19 39 0
e 21 25 0
e 21 40 0
e 22 25 0
e 22 41 0
e 23 24 0
e 23 42 0
e 23 43 0
e 24 44 0
e 24 45 0
e 25 46 0
ID 47
v 0 8
v 1 6
v 2 2
v 3 2
v 4 3
v 5 4
v 6 4
v 7 4
v 8 4
v 9 4
v 10 4
v 11 4
v 12 4
v 13 4
v 14 4
v 15 4
v 16 4
v 17 4
v 18 4
v 19 4
v 20 4
v 21 4
v 22 5
v 23 5
v 24 5
v 25 5
v 26 5
v 27 5
v 28 5
v 29 5
v 30 5
v 31 5
v 32 5
v 33 5
v 34 5
v 35 5
e 0 19 0
e 1 9 0
e 1 11 0
e 2 18 0
e 2 35 0
e 3 18 0
e 4 6 0
e 4 10 0
e 5 6 0
e 5 7 0
e 5 12 0
e 6 9 0
e 7 8 0
e 7 18 0
e 8 10 0
e 8 14 0
e 9 13 0
e 10 17 0
e 11 15 0
e 11 16 0
e 12 22 0
e 12 23 0
e 12 24 0
e 13 16 0
e 13 25 0
e 14 19 0
e 14 26 0
e 15 21 0
e 15 27 0
e 15 28 0
e 16 29 0
e 17 20 0
e 17 30 0
e 19 20 0
e 20 31 0
e 21 32 0
e 21 33 0
e 21 34 0
ID 48
v 0 6
v 1 2
v 2 3
v 3 3
v 4 4
v 5 4
v 6 4
v 7 4
v 8 4
v 9 4
v 10 4
v 11 4
v 12 4
v 13 4
v 14 4
v 15 4
v 16 4
v 17 4
v 18 4
v 19 4
v 20 4
v 21 4
v 22 4
v 23 4
v 24 4
v 25 5
v 26 5
v 27 5
v 28 5
v 29 5
v 30 5
v 31 5
v 32 5
v 33 5
v 34 5
v 35 5
v 36 5
v 37 5
v 38 5
v 39 5
v 40 5
v 41 5
v 42 5
e 0 6 0
e 0 7 0
e 1 11 0
e 2 7 0
e 2 8 0
e 2 11 0
e 3 7 0
e 3 12 0
e 4 5 0
e 4 6 0
e 4 13 0
e 5 10 0
e 5 14 0
e 6 25 0
e 6 26 0
e 8 19 0
e 8 27 0
e 8 28 0
e 9 11 0
e 9 12 0
e 9 17 0
e 10 15 0
e 10 18 0
e 12 20 0
e 13 16 0
e 13 29 0
e 14 21 0
e 14 30 0
e 15 16 0
e 15 31 0
e 16 32 0
e 17 23 0
e 17 33 0
e 18 22 0
e 18 34 0
e 19 35 0
e 19 36 0
e 19 37 0
e 20 24 0
e 20 38 0
e 21 22 0
e 21 39 0
e 22 40 0
e 23 24 0
e 23 41 0
e 24 42 0
ID 49
v 0 6
v 1 6
v 2 2
v 3 2
v 4 2
v 5 2
v 6 3
v 7 3
v 8 3
v 9 4
v 10 4
v 11 4
v 12 4
v 13 4
v 14 4
v 15 4
v 16 4
v 17 4
v 18 4
v 19 4
v 20 4
v 21 4
v 22 4
v 23 4
v 24 4
v 25 4
v 26 4
v 27 4
v 28 4
v 29 4
v 30 4
v 31 5
v 32 5
v 33 5
v 34 5
v 35 5
v 36 5
v 37 5
v 38 5
v 39 5
v 40 5
v 41 5
v 42 5
v 43 5
v 44 5
v 45 5
v 46 5
v 47 5
v 48 5
v 49 5
v 50 5
v 51 5
e 0 13 0
e 0 15 0
e 1 17 0
e 1 20 0
e 2 16 0
e 3 24 0
e 3 30 0
e 4 26 0
e 4 30 0
e 5 23 0
e 6 16 0
e 6 17 0
e 6 18 0
e 7 15 0
e 7 17 0
e 8 22 0
e 8 23 0
e 8 45 0
e 9 10 0
e 9 13 0
e 9 14 0
e 10 11 0
e 10 31 0
e 10 32 0
e 11 12 0
e 11 33 0
e 11 34 0
e 12 13 0
e 12 35 0
e 12 36 0
e 14 15 0
e 14 16 0
e 18 19 0
e 18 37 0
e 18 38 0
e 19 29 0
e 19 41 0
e 20 23 0
e 20 39 0
e 20 40 0
e 21 22 0
e 21 25 0
e 21 27 0
e 22 42 0
e 22 43 0
e 24 25 0
e 24 26 0
e 25 44 0
e 26 28 0
e 27 28 0
e 27 46 0
e 28 47 0
e 29 50 0
e 29 51 0
e 30 48 0
e 30 49 0
ID 50
v 0 6
v 1 2
v 2 2
v 3 2
v 4 3
v 5 3
v 6 4
v 7 4
v 8 4
v 9 4
v 10 4
v 11 4
v 12 4
v 13 4
v 14 4
v 15 4
v 16 4
v 17 4
v 18 4
v 19 4
v 20 4
v 21 4
v 22 4
v 23 4
v 24 4
v 25 4
v 26 4
v 27 4
v 28 5
v 29 5
v 30 5
v 31 5
v 32 5
v 33 5
v 34 5
v 35 5
v 36 5
v 37 5
v 38 5
v 39 5
v 40 5
v 41 5
v 42 5
v 43 5
v 44 5
v 45 5
v 46 5
v 47 5
v 48 5
v 49 5
v 50 5
v 51 5
v 52 5
v 53 5
v 54 5
v 55 5
e 0 12 0
e 0 17 0
e 1 18 0
e 2 23 0
e 3 24 0
e 3 27 0
e 4 18 0
e 4 19 0
e 4 20 0
e 5 17 0
e 5 23 0
e 5 52 0
e 6 7 0
e 6 8 0
e 6 9 0
e 6 28 0
e 7 13 0
e 7 14 0
e 7 15 0
e 8 10 0
e 8 29 0
e 8 30 0
e 9 12 0
e 9 31 0
e 9 32 0
e 10 11 0
e 10 33 0
e 10 34 0
e 11 12 0
e 11 16 0
e 13 36 0
e 13 37 0
e 13 38 0
e 14 41 0
e 14 42 0
e 14 43 0
e 15 35 0
e 15 39 0
e 15 40 0
e 16 17 0
e 16 18 0
e 19 22 0
e 19 46 0
e 19 47 0
e 20 21 0
e 20 44 0
e 20 45 0
e 21 22 0
e 21 50 0
e 21 51 0
e 22 48 0
e 22 49 0
e 23 24 0
e 24 25 0
e 25 26 0
e 25 53 0
e 26 27 0
e 26 54 0
e 27 55 0
ID 51
v 0 9
v 1 6
v 2 2
v 3 2
v 4 2
v 5 4
v 6 4
v 7 4
v 8 4
v 9 4
v 10 4
v 11 4
v 12 4
v 13 4
v 14 4
v 15 4
v 16 4
v 17 4
v 18 4
v 19 4
v 20 4
v 21 4
v 22 4
v 23 5
v 24 5
v 25 5
v 26 5
v 27 5
v 28 5
v 29 5
v 30 5
v 31 5
v 32 5
v 33 5
v 34 5
v 35 5
v 36 5
v 37 5
e 0 16 0
e 1 6 0
e 1 8 0
e 2 12 0
e 2 20 0
e 3 14 0
e 3 22 0
e 4 9 0
e 5 8 0
e 5 9 0
e 5 15 0
e 6 9 0
e 6 10 0
e 7 10 0
e 7 11 0
e 7 13 0
e 8 17 0
e 10 23 0
e 11 12 0
e 11 24 0
e 12 14 0
e 13 16 0
e 13 25 0
e 14 16 0
e 15 18 0
e 15 26 0
e 17 19 0
e 17 27 0
e 18 19 0
e 18 28 0
e 19 29 0
e 20 21 0
e 20 30 0
e 20 31 0
e 21 32 0
e 21 33 0
e 21 34 0
e 22 35 0
e 22 36 0
e 22 37 0
ID 52
v 0 6
v 1 2
v 2 2
v 3 2
v 4 2
v 5 3
v 6 3
v 7 3
v 8 4
v 9 4
v 10 4
v 11 4
v 12 4
v 13 4
v 14 4
v 15 4
v 16 4
v 17 4
v 18 4
v 19 4
v 20 4
v 21 4
v 22 4
v 23 4
v 24 4
v 25 4
v 26 4
v 27 4
v 28 4
v 29 5
v 30 5
v 31 5
v 32 5
v 33 5
v 34 5
v 35 5
v 36 5
v 37 5
v 38 5
v 39 5
v 40 5
v 41 5
v 42 5
v 43 5
v 44 5
v 45 5
v 46 5
v 47 5
v 48 5
v 49 5
v 50 5
v 51 5
e 0 13 0
e 0 15 0
e 1 18 0
e 1 27 0
e 2 19 0
e 3 18 0
e 4 20 0
e 5 15 0
e 5 19 0
e 5 40 0
e 6 16 0
e 6 21 0
e 6 41 0
e 7 20 0
e 7 22 0
e 7 42 0
e 8 9 0
e 8 10 0
e 8 29 0
e 8 30 0
e 9 11 0
e 9 31 0
e 9 32 0
e 10 13 0
e 10 14 0
e 11 12 0
e 11 33 0
e 11 34 0
e 12 13 0
e 12 35 0
e 12 36 0
e 14 15 0
e 14 18 0
e 16 17 0
e 16 20 0
e 16 37 0
e 17 19 0
e 17 38 0
e 17 39 0
e 21 22 0
e 21 23 0
e 22 24 0
e 23 25 0
e 23 43 0
e 24 26 0
e 24 44 0
e 25 26 0
e 25 45 0
e 26 46 0
e 27 28 0
e 27 47 0
e 27 48 0
e 28 49 0
e 28 50 0
e 28 51 0
ID 53
v 0 7
v 1 1
v 2 2
v 3 2
v 4 2
v 5 3
v 6 3
v 7 4
v 8 4
v 9 4
v 10 4
v 11 4
v 12 4
v 13 4
v 14 4
v 15 4
v 16 4
v 17 4
v 18 4
v 19 4
v 20 4
v 21 4
v 22 4
v 23 4
v 24 4
v 25 4
v 26 5
v 27 5
v 28 5
v 29 5
v 30 5
v 31 5
v 32 5
v 33 5
v 34 5
v 35 5
e 0 16 0
e 1 17 0
e 2 9 0
e 2 14 0
e 3 13 0
e 3 15 0
e 4 13 0
e 5 14 0
e 5 32 0
e 5 33 0
e 6 23 0
e 7 8 0
e 7 10 0
e 7 11 0
e 7 26 0
e 8 9 0
e 8 13 0
e 9 12 0
e 10 16 0
e 10 17 0
e 11 14 0
e 11 23 0
e 12 15 0
e 12 18 0
e 15 19 0
e 16 20 0
e 17 21 0
e 18 22 0
e 18 27 0
e 19 24 0
e 19 28 0
e 20 25 0
e 20 29 0
e 21 25 0
e 21 30 0
e 22 24 0
e 22 31 0
e 24 34 0
e 25 35 0
ID 54
v 0 2
v 1 2
v 2 2
v 3 2
v 4 3
v 5 3
v 6 3
v 7 3
v 8 4
v 9 4
v 10 4
v 11 4
v 12 4
v 13 4
v 14 4
v 15 4
v 16 4
v 17 4
v 18 4
v 19 4
v 20 4
v 21 4
v 22 4
v 23 4
v 24 4
v 25 4
v 26 5
v 27 5
v 28 5
v 29 5
v 30 5
v 31 5
v 32 5
v 33 5
v 34 5
v 35 5
v 36 5
v 37 5
v 38 5
v 39 5
e 0 6 0
e 0 37 0
e 1 13 0
e 2 7 0
e 3 7 0
e 4 9 0
e 4 14 0
e 4 15 0
e 5 8 0
e 5 10 0
e 5 27 0
e 6 8 0
e 6 13 0
e 7 23 0
e 8 9 0
e 8 26 0
e 9 12 0
e 10 11 0
e 10 17 0
e 11 13 0
e 11 18 0
e 12 16 0
e 12 28 0
e 14 19 0
e 14 20 0
e 15 16 0
e 15 29 0
e 16 30 0
e 17 21 0
e 17 31 0
e 18 22 0
e 18 32 0
e 19 23 0
e 19 33 0
e 20 24 0
e 20 34 0
e 21 22 0
e 21 35 0
e 22 36 0
e 23 25 0
e 24 25 0
e 24 38 0
e 25 39 0
ID 55
v 0 2
v 1 2
v 2 2
v 3 2
v 4 2
v 5 3
v 6 4
v 7 4
v 8 4
v 9 4
v 10 4
v 11 4
v 12 4
v 13 4
v 14 4
v 15 4
v 16 4
v 17 4
v 18 4
v 19 4
v 20 4
v 21 4
v 22 4
v 23 4
v 24 4
v 25 4
v 26 4
v 27 4
v 28 4
v 29 4
v 30 4
v 31 4
v 32 4
v 33 4
v 34 4
v 35 4
v 36 4
v 37 4
v 38 4
v 39 4
v 40 5
v 41 5
v 42 5
v 43 5
v 44 5
v 45 5
v 46 5
v 47 5
v 48 5
v 49 5
v 50 5
v 51 5
v 52 5
v 53 5
v 54 5
v 55 5
v 56 5
v 57 5
v 58 5
v 59 5
v 60 5
v 61 5
v 62 5
v 63 5
v 64 5
v 65 5
v 66 5
v 67 5
v 68 5
v 69 5
v 70 5
v 71 5
v 72 5
v 73 5
v 74 5
e 0 12 0
e 1 20 0
e 1 29 0
e 2 20 0
e 3 23 0
e 3 32 0
e 4 27 0
e 4 34 0
e 5 9 0
e 5 15 0
e 5 46 0
e 6 7 0
e 6 11 0
e 6 14 0
e 6 40 0
e 7 9 0
e 7 41 0
e 7 42 0
e 8 9 0
e 8 10 0
e 8 12 0
e 10 13 0
e 10 16 0
e 10 43 0
e 11 12 0
e 11 44 0
e 11 45 0
e 13 15 0
e 13 20 0
e 14 17 0
e 14 18 0
e 15 19 0
e 16 21 0
e 16 22 0
e 17 23 0
e 17 47 0
e 18 24 0
e 18 48 0
e 19 49 0
e 19 50 0
e 19 51 0
e 21 25 0
e 21 52 0
e 22 26 0
e 22 53 0
e 23 27 0
e 24 27 0
e 24 54 0
e 25 28 0
e 25 55 0
e 26 28 0
e 26 56 0
e 28 30 0
e 29 31 0
e 29 57 0
e 29 58 0
e 30 59 0
e 30 60 0
e 30 61 0
e 31 33 0
e 31 62 0
e 31 63 0
e 32 64 0
e 32 65 0
e 32 66 0
e 33 35 0
e 33 36 0
e 34 67 0
e 34 68 0
e 34 69 0
e 35 37 0
e 35 70 0
e 36 38 0
e 36 71 0
e 37 39 0
e 37 72 0
e 38 39 0
e 38 73 0
e 39 74 0
ID 56
v 0 7
v 1 7
v 2 6
v 3 2
v 4 3
v 5 3
v 6 3
v 7 3
v 8 4
v 9 4
v 10 4
v 11 4
v 12 4
v 13 4
v 14 4
v 15 4
v 16 4
v 17 4
v 18 4
v 19 4
v 20 5
v 21 5
v 22 5
v 23 5
v 24 5
v 25 5
v 26 5
v 27 5
v 28 5
v 29 5
v 30 5
v 31 5
e 0 15 0
e 1 19 0
e 2 11 0
e 3 12 0
e 4 9 0
e 4 11 0
e 4 13 0
e 5 8 0
e 5 12 0
e 5 24 0
e 6 7 0
e 6 9 0
e 7 11 0
e 7 28 0
e 8 9 0
e 8 10 0
e 8 20 0
e 10 21 0
e 10 22 0
e 10 23 0
e 12 14 0
e 13 25 0
e 13 26 0
e 13 27 0
e 14 15 0
e 14 16 0
e 15 17 0
e 16 18 0
e 16 29 0
e 17 19 0
e 17 30 0
e 18 19 0
e 18 31 0
ID 57
v 0 6
v 1 3
v 2 3
v 3 3
v 4 4
v 5 4
v 6 4
v 7 4
v 8 4
v 9 4
v 10 4
v 11 4
v 12 4
v 13 4
v 14 4
v 15 4
v 16 4
v 17 4
v 18 4
v 19 4
v 20 4
v 21 4
v 22 4
v 23 4
v 24 5
v 25 5
v 26 5
v 27 5
v 28 5
v 29 5
v 30 5
v 31 5
v 32 5
v 33 5
v 34 5
v 35 5
v 36 5
v 37 5
v 38 5
v 39 5
v 40 5
v 41 5
v 42 5
v 43 5
v 44 5
v 45 5
v 46 5
e 0 17 0
e 1 12 0
e 1 15 0
e 1 17 0
e 2 3 0
e 2 12 0
e 3 17 0
e 3 41 0
e 4 5 0
e 4 6 0
e 4 7 0
e 4 8 0
e 5 9 0
e 5 10 0
e 6 24 0
e 6 25 0
e 6 26 0
e 7 27 0
e 7 28 0
e 7 29 0
e 8 30 0
e 8 31 0
e 8 32 0
e 9 13 0
e 9 33 0
e 10 14 0
e 10 34 0
e 11 12 0
e 11 13 0
e 11 14 0
e 13 35 0
e 14 36 0
e 15 16 0
e 15 19 0
e 16 18 0
e 16 20 0
e 18 23 0
e 18 37 0
e 18 38 0
e 19 21 0
e 19 39 0
e 20 22 0
e 20 40 0
e 21 22 0
e 21 42 0
e 22 43 0
e 23 44 0
e 23 45 0
e 23 46 0
ID 58
v 0 2
v 1 2
v 2 2
v 3 3
v 4 3
v 5 4
v 6 4
v 7 4
v 8 4
v 9 4
v 10 4
v 11 4
v 12 4
v 13 4
v 14 4
v 15 4
v 16 4
v 17 4
v 18 4
v 19 4
v 20 4
v 21 4
v 22 4
v 23 4
v 24 4
v 25 4
v 26 5
v 27 5
v 28 5
v 29 5
v 30 5
v 31 5
v 32 5
v 33 5
v 34 5
v 35 5
v 36 5
v 37 5
v 38 5
v 39 5
v 40 5
v 41 5
v 42 5
v 43 5
v 44 5
v 45 5
v 46 5
v 47 5
e 0 8 0
e 1 12 0
e 2 22 0
e 2 25 0
e 3 5 0
e 3 8 0
e 3 9 0
e 4 12 0
e 4 13 0
e 4 36 0
e 5 7 0
e 5 26 0
e 5 27 0
e 6 8 0
e 6 14 0
e 6 15 0
e 6 28 0
e 7 10 0
e 7 12 0
e 9 16 0
e 9 17 0
e 10 11 0
e 10 29 0
e 11 13 0
e 11 18 0
e 13 19 0
e 14 30 0
e 14 34 0
e 14 35 0
e 15 31 0
e 15 32 0
e 15 33 0
e 16 20 0
e 16 37 0
e 17 21 0
e 17 38 0
e 18 23 0
e 18 39 0
e 19 24 0
e 19 40 0
e 20 22 0
e 20 41 0
e 21 22 0
e 21 42 0
e 23 24 0
e 23 43 0
e 24 44 0
e 25 45 0
e 25 46 0
e 25 47 0
ID 59
v 0 7
v 1 6
v 2 6
v 3 2
v 4 2
v 5 3
v 6 3
v 7 4
v 8 4
v 9 4
v 10 4
v 11 4
v 12 4
v 13 4
v 14 4
v 15 4
v 16 4
v 17 4
v 18 4
v 19 4
v 20 4
v 21 4
v 22 4
v 23 4
v 24 5
v 25 5
v 26 5
v 27 5
v 28 5
v 29 5
v 30 5
v 31 5
v 32 5
v 33 5
v 34 5
v 35 5
v 36 5
v 37 5
v 38 5
e 0 17 0
e 1 3 0
e 1 4 0
e 1 7 0
e 1 8 0
e 2 13 0
e 2 17 0
e 5 11 0
e 5 13 0
e 5 28 0
e 6 8 0
e 6 13 0
e 7 9 0
e 7 10 0
e 8 17 0
e 9 14 0
e 9 24 0
e 10 15 0
e 10 25 0
e 11 16 0
e 11 18 0
e 12 14 0
e 12 15 0
e 12 20 0
e 14 26 0
e 15 27 0
e 16 19 0
e 16 21 0
e 18 22 0
e 18 29 0
e 19 23 0
e 19 30 0
e 20 31 0
e 20 32 0
e 20 33 0
e 21 34 0
e 21 35 0
e 21 36 0
e 22 23 0
e 22 37 0
e 23 38 0
ID 60
v 0 8
v 1 8
v 2 2
v 3 2
v 4 2
v 5 3
v 6 4
v 7 4
v 8 4
v 9 4
v 10 4
v 11 4
v 12 4
v 13 4
v 14 4
v 15 4
v 16 4
v 17 4
v 18 5
v 19 5
v 20 5
v 21 5
v 22 5
v 23 5
v 24 5
v 25 5
v 26 5
v 27 5
v 28 5
e 0 9 0
e 1 14 0
e 2 12 0
e 2 16 0
e 3 15 0
e 3 17 0
e 4 15 0
e 5 6 0
e 5 8 0
e 5 15 0
e 6 7 0
e 6 10 0
e 7 9 0
e 7 11 0
e 8 9 0
e 8 13 0
e 10 14 0
e 10 19 0
e 11 12 0
e 11 18 0
e 12 14 0
e 13 20 0
e 13 21 0
e 13 22 0
e 16 23 0
e 16 24 0
e 16 25 0
e 17 26 0
e 17 27 0
e 17 28 0
ID 61
v 0 2
v 1 2
v 2 2
v 3 3
v 4 3
v 5 4
v 6 4
v 7 4
v 8 4
v 9 4
v 10 4
v 11 4
v 12 4
v 13 4
v 14 4
v 15 4
v 16 4
v 17 4
v 18 4
v 19 4
v 20 4
v 21 4
v 22 4
v 23 4
v 24 4
v 25 4
v 26 5
v 27 5
v 28 5
v 29 5
v 30 5
v 31 5
v 32 5
v 33 5
v 34 5
v 35 5
v 36 5
v 37 5
v 38 5
v 39 5
v 40 5
v 41 5
v 42 5
v 43 5
v 44 5
v 45 5
v 46 5
v 47 5
v 48 5
v 49 5
v 50 5
v 51 5
v 52 5
v 53 5
e 0 10 0
e 0 41 0
e 1 12 0
e 1 18 0
e 2 17 0
e 2 25 0
e 3 5 0
e 3 6 0
e 3 9 0
e 4 7 0
e 4 8 0
e 4 11 0
e 5 8 0
e 5 26 0
e 5 27 0
e 6 7 0
e 6 28 0
e 6 29 0
e 7 30 0
e 7 31 0
e 8 32 0
e 8 33 0
e 9 10 0
e 9 34 0
e 9 35 0
e 10 12 0
e 10 36 0
e 11 13 0
e 11 14 0
e 12 37 0
e 12 38 0
e 13 15 0
e 13 39 0
e 14 16 0
e 14 40 0
e 15 17 0
e 15 42 0
e 16 17 0
e 16 43 0
e 18 19 0
e 18 20 0
e 19 21 0
e 19 22 0
e 20 23 0
e 20 44 0
e 21 24 0
e 21 45 0
e 22 46 0
e 22 47 0
e 22 48 0
e 23 24 0
e 23 49 0
e 24 50 0
e 25 51 0
e 25 52 0
e 25 53 0
ID 62
v 0 6
v 1 2
v 2 2
v 3 3
v 4 3
v 5 3
v 6 3
v 7 4
v 8 4
v 9 4
v 10 4
v 11 4
v 12 4
v 13 4
v 14 4
v 15 4
v 16 4
v 17 4
v 18 4
v 19 4
v 20 4
v 21 4
v 22 4
v 23 4
v 24 4
v 25 4
v 26 5
v 27 5
v 28 5
v 29 5
v 30 5
v 31 5
v 32 5
v 33 5
v 34 5
v 35 5
v 36 5
v 37 5
v 38 5
v 39 5
v 40 5
v 41 5
v 42 5
v 43 5
v 44 5
v 45 5
e 0 11 0
e 0 14 0
e 1 12 0
e 2 19 0
e 2 45 0
e 3 4 0
e 3 7 0
e 3 12 0
e 4 11 0
e 4 13 0
e 5 14 0
e 5 15 0
e 5 17 0
e 6 11 0
e 6 12 0
e 7 8 0
e 7 9 0
e 7 10 0
e 8 26 0
e 8 33 0
e 8 34 0
e 9 30 0
e 9 31 0
e 9 32 0
e 10 27 0
e 10 28 0
e 10 29 0
e 13 14 0
e 13 35 0
e 15 16 0
e 15 19 0
e 16 18 0
e 16 20 0
e 17 36 0
e 17 37 0
e 17 38 0
e 18 21 0
e 18 23 0
e 19 22 0
e 20 24 0
e 20 39 0
e 21 22 0
e 21 40 0
e 22 41 0
e 23 25 0
e 23 42 0
e 24 25 0
e 24 43 0
e 25 44 0
ID 63
v 0 6
v 1 2
v 2 3
v 3 3
v 4 3
v 5 3
v 6 4
v 7 4
v 8 4
v 9 4
v 10 4
v 11 4
v 12 4
v 13 4
v 14 4
v 15 4
v 16 4
v 17 4
v 18 4
v 19 4
v 20 4
v 21 4
v 22 4
v 23 4
v 24 4
v 25 4
v 26 4
v 27 4
v 28 4
v 29 5
v 30 5
v 31 5
v 32 5
v 33 5
v 34 5
v 35 5
v 36 5
v 37 5
v 38 5
v 39 5
v 40 5
v 41 5
v 42 5
v 43 5
v 44 5
v 45 5
v 46 5
v 47 5
v 48 5
v 49 5
v 50 5
v 51 5
v 52 5
e 0 11 0
e 0 19 0
e 1 21 0
e 2 13 0
e 2 14 0
e 2 20 0
e 3 5 0
e 3 21 0
e 3 22 0
e 4 19 0
e 4 22 0
e 5 20 0
e 6 7 0
e 6 8 0
e 6 18 0
e 6 29 0
e 7 9 0
e 7 30 0
e 7 31 0
e 8 11 0
e 8 32 0
e 8 33 0
e 9 10 0
e 9 34 0
e 9 35 0
e 10 11 0
e 10 12 0
e 12 19 0
e 12 21 0
e 13 15 0
e 13 38 0
e 13 39 0
e 14 16 0
e 14 36 0
e 14 37 0
e 15 17 0
e 15 40 0
e 15 41 0
e 16 17 0
e 16 42 0
e 16 43 0
e 17 44 0
e 17 45 0
e 18 46 0
e 18 47 0
e 18 48 0
e 20 23 0
e 22 24 0
e 23 24 0
e 23 25 0
e 24 26 0
e 25 27 0
e 25 49 0
e 26 28 0
e 26 50 0
e 27 28 0
e 27 51 0
e 28 52 0
ID 64
v 0 2
v 1 2
v 2 2
v 3 2
v 4 2
v 5 3
v 6 3
v 7 3
v 8 4
v 9 4
v 10 4
v 11 4
v 12 4
v 13 4
v 14 4
v 15 4
v 16 4
v 17 4
v 18 4
v 19 4
v 20 4
v 21 4
v 22 4
v 23 4
v 24 4
v 25 4
v 26 4
v 27 4
v 28 4
v 29 4
v 30 4
v 31 4
v 32 5
v 33 5
v 34 5
v 35 5
v 36 5
v 37 5
v 38 5
v 39 5
v 40 5
v 41 5
v 42 5
v 43 5
v 44 5
v 45 5
v 46 5
v 47 5
v 48 5
v 49 5
v 50 5
v 51 5
v 52 5
v 53 5
v 54 5
v 55 5
v 56 5
e 0 21 0
e 0 22 0
e 1 25 0
e 1 26 0
e 2 20 0
e 3 7 0
e 4 7 0
e 5 8 0
e 5 9 0
e 5 13 0
e 6 19 0
e 6 20 0
e 6 48 0
e 7 29 0
e 8 10 0
e 8 34 0
e 8 35 0
e 9 11 0
e 9 32 0
e 9 33 0
e 10 12 0
e 10 38 0
e 10 39 0
e 11 12 0
e 11 36 0
e 11 37 0
e 12 40 0
e 12 41 0
e 13 14 0
e 13 42 0
e 13 43 0
e 14 15 0
e 14 16 0
e 15 17 0
e 15 44 0
e 16 18 0
e 16 45 0
e 17 19 0
e 17 46 0
e 18 19 0
e 18 47 0
e 20 21 0
e 21 23 0
e 22 24 0
e 22 25 0
e 23 24 0
e 23 49 0
e 24 52 0
e 25 50 0
e 25 51 0
e 26 27 0
e 26 28 0
e 27 30 0
e 27 53 0
e 28 31 0
e 28 54 0
e 29 30 0
e 29 31 0
e 30 55 0
e 31 56 0
ID 65
v 0 9
v 1 7
v 2 2
v 3 2
v 4 2
v 5 3
v 6 3
v 7 4
v 8 4
v 9 4
v 10 4
v 11 4
v 12 4
v 13 4
v 14 4
v 15 4
v 16 4
v 17 4
v 18 4
v 19 4
v 20 4
v 21 4
v 22 4
v 23 4
v 24 4
v 25 5
v 26 5
v 27 5
v 28 5
v 29 5
v 30 5
v 31 5
v 32 5
v 33 5
v 34 5
v 35 5
v 36 5
v 37 5
v 38 5
v 39 5
v 40 5
e 0 16 0
e 1 24 0
e 2 9 0
e 2 10 0
e 3 11 0
e 4 18 0
e 5 7 0
e 5 8 0
e 5 11 0
e 6 13 0
e 6 18 0
e 6 35 0
e 7 9 0
e 7 25 0
e 7 26 0
e 8 10 0
e 8 27 0
e 8 28 0
e 9 29 0
e 9 30 0
e 10 31 0
e 10 32 0
e 11 12 0
e 12 13 0
e 12 14 0
e 13 15 0
e 14 16 0
e 14 33 0
e 15 17 0
e 15 34 0
e 16 17 0
e 17 36 0
e 18 19 0
e 19 20 0
e 19 21 0
e 20 22 0
e 20 37 0
e 21 23 0
e 21 38 0
e 22 24 0
e 22 39 0
e 23 24 0
e 23 40 0
ID 66
v 0 6
v 1 6
v 2 2
v 3 2
v 4 2
v 5 2
v 6 3
v 7 3
v 8 4
v 9 4
v 10 4
v 11 4
v 12 4
v 13 4
v 14 4
v 15 4
v 16 4
v 17 4
v 18 4
v 19 4
v 20 4
v 21 4
v 22 4
v 23 4
v 24 4
v 25 4
v 26 4
v 27 4
v 28 4
v 29 4
v 30 4
v 31 4
v 32 4
v 33 4
v 34 4
v 35 4
v 36 4
v 37 5
v 38 5
v 39 5
v 40 5
v 41 5
v 42 5
v 43 5
v 44 5
v 45 5
v 46 5
v 47 5
v 48 5
v 49 5
v 50 5
v 51 5
v 52 5
v 53 5
v 54 5
v 55 5
v 56 5
v 57 5
v 58 5
v 59 5
v 60 5
v 61 5
v 62 5
v 63 5
v 64 5
e 0 2 0
e 0 3 0
e 0 6 0
e 0 15 0
e 1 4 0
e 1 5 0
e 1 7 0
e 1 16 0
e 6 21 0
e 6 45 0
e 7 22 0
e 7 46 0
e 8 9 0
e 8 10 0
e 8 37 0
e 8 38 0
e 9 11 0
e 9 14 0
e 10 12 0
e 10 13 0
e 11 12 0
e 11 18 0
e 12 17 0
e 13 15 0
e 13 40 0
e 14 16 0
e 14 39 0
e 15 19 0
e 16 20 0
e 17 19 0
e 17 42 0
e 18 20 0
e 18 41 0
e 19 44 0
e 20 43 0
e 21 24 0
e 21 27 0
e 22 23 0
e 22 28 0
e 23 25 0
e 23 29 0
e 24 26 0
e 24 30 0
e 25 32 0
e 25 35 0
e 26 31 0
e 26 36 0
e 27 33 0
e 27 48 0
e 28 34 0
e 28 47 0
e 29 51 0
e 29 52 0
e 29 53 0
e 30 49 0
e 30 50 0
e 30 54 0
e 31 33 0
e 31 56 0
e 32 34 0
e 32 55 0
e 33 58 0
e 34 57 0
e 35 59 0
e 35 60 0
e 35 61 0
e 36 62 0
e 36 63 0
e 36 64 0
ID 67
v 0 2
v 1 2
v 2 2
v 3 2
v 4 3
v 5 3
v 6 4
v 7 4
v 8 4
v 9 4
v 10 4
v 11 4
v 12 4
v 13 4
v 14 4
v 15 4
v 16 4
v 17 4
v 18 4
v 19 4
v 20 4
v 21 4
v 22 4
v 23 4
v 24 4
v 25 4
v 26 4
v 27 4
v 28 4
v 29 4
v 30 4
v 31 4
v 32 4
v 33 5
v 34 5
v 35 5
v 36 5
v 37 5
v 38 5
v 39 5
v 40 5
v 41 5
v 42 5
v 43 5
v 44 5
v 45 5
v 46 5
v 47 5
v 48 5
v 49 5
v 50 5
v 51 5
v 52 5
v 53 5
v 54 5
v 55 5
v 56 5
v 57 5
v 58 5
v 59 5
v 60 5
v 61 5
v 62 5
e 0 12 0
e 1 18 0
e 2 24 0
e 2 30 0
e 3 26 0
e 3 32 0
e 4 9 0
e 4 16 0
e 4 44 0
e 5 18 0
e 5 25 0
e 5 50 0
e 6 7 0
e 6 8 0
e 6 13 0
e 6 14 0
e 7 9 0
e 7 33 0
e 7 34 0
e 8 12 0
e 8 35 0
e 8 36 0
e 9 10 0
e 10 11 0
e 10 12 0
e 11 15 0
e 11 17 0
e 11 37 0
e 13 38 0
e 13 39 0
e 13 40 0
e 14 41 0
e 14 42 0
e 14 43 0
e 15 16 0
e 15 18 0
e 16 19 0
e 17 20 0
e 17 21 0
e 19 45 0
e 19 46 0
e 19 47 0
e 20 22 0
e 20 48 0
e 21 23 0
e 21 49 0
e 22 24 0
e 22 51 0
e 23 24 0
e 23 52 0
e 25 26 0
e 25 27 0
e 26 28 0
e 27 29 0
e 27 53 0
e 28 31 0
e 28 54 0
e 29 31 0
e 29 55 0
e 30 56 0
e 30 57 0
e 30 58 0
e 31 59 0
e 32 60 0
e 32 61 0
e 32 62 0
ID 68
v 0 7
v 1 7
v 2 1
v 3 2
v 4 2
v 5 3
v 6 3
v 7 4
v 8 4
v 9 4
v 10 4
v 11 4
v 12 4
v 13 4
v 14 4
v 15 4
v 16 4
v 17 4
v 18 4
v 19 4
v 20 4
v 21 4
v 22 4
v 23 4
v 24 4
v 25 4
v 26 5
v 27 5
v 28 5
v 29 5
v 30 5
v 31 5
v 32 5
v 33 5
v 34 5
v 35 5
v 36 5
v 37 5
v 38 5
v 39 5
v 40 5
v 41 5
v 42 5
v 43 5
v 44 5
e 0 21 0
e 1 25 0
e 2 19 0
e 3 13 0
e 3 20 0
e 4 11 0
e 5 7 0
e 5 8 0
e 5 11 0
e 6 9 0
e 6 10 0
e 6 12 0
e 7 9 0
e 7 26 0
e 7 27 0
e 8 10 0
e 8 28 0
e 8 29 0
e 9 30 0
e 9 31 0
e 10 32 0
e 10 33 0
e 11 13 0
e 12 14 0
e 12 15 0
e 13 16 0
e 13 34 0
e 14 17 0
e 14 35 0
e 15 18 0
e 15 36 0
e 16 37 0
e 16 38 0
e 16 39 0
e 17 19 0
e 17 40 0
e 18 19 0
e 18 41 0
e 20 21 0
e 20 22 0
e 21 23 0
e 22 24 0
e 22 42 0
e 23 25 0
e 23 43 0
e 24 25 0
e 24 44 0
ID 69
v 0 6
v 1 1
v 2 2
v 3 2
v 4 2
v 5 3
v 6 3
v 7 4
v 8 4
v 9 4
v 10 4
v 11 4
v 12 4
v 13 4
v 14 4
v 15 4
v 16 4
v 17 4
v 18 4
v 19 4
v 20 4
v 21 4
v 22 4
v 23 4
v 24 4
v 25 4
v 26 4
v 27 4
v 28 4
v 29 4
v 30 4
v 31 5
v 32 5
v 33 5
v 34 5
v 35 5
v 36 5
v 37 5
v 38 5
v 39 5
v 40 5
v 41 5
v 42 5
v 43 5
v 44 5
v 45 5
v 46 5
v 47 5
v 48 5
v 49 5
v 50 5
v 51 5
v 52 5
v 53 5
v 54 5
v 55 5
e 0 2 0
e 0 3 0
e 0 5 0
e 0 9 0
e 1 27 0
e 4 11 0
e 5 7 0
e 5 8 0
e 6 11 0
e 6 14 0
e 6 37 0
e 7 10 0
e 7 31 0
e 7 32 0
e 8 11 0
e 8 33 0
e 8 34 0
e 9 12 0
e 9 13 0
e 10 15 0
e 10 16 0
e 12 18 0
e 12 35 0
e 13 19 0
e 13 36 0
e 14 20 0
e 14 21 0
e 15 23 0
e 15 38 0
e 16 24 0
e 16 39 0
e 17 18 0
e 17 19 0
e 17 28 0
e 18 40 0
e 19 41 0
e 20 22 0
e 20 29 0
e 21 26 0
e 21 42 0
e 22 25 0
e 22 43 0
e 23 27 0
e 23 44 0
e 24 27 0
e 24 45 0
e 25 26 0
e 25 30 0
e 26 46 0
e 28 47 0
e 28 48 0
e 28 49 0
e 29 50 0
e 29 51 0
e 29 52 0
e 30 53 0
e 30 54 0
e 30 55 0
ID 70
v 0 2
v 1 2
v 2 2
v 3 2
v 4 2
v 5 2
v 6 3
v 7 4
v 8 4
v 9 4
v 10 4
v 11 4
v 12 4
v 13 4
v 14 4
v 15 4
v 16 4
v 17 4
v 18 4
v 19 4
v 20 4
v 21 4
v 22 4
v 23 4
v 24 4
v 25 4
v 26 5
v 27 5
v 28 5
v 29 5
v 30 5
v 31 5
v 32 5
v 33 5
v 34 5
v 35 5
v 36 5
v 37 5
v 38 5
v 39 5
v 40 5
e 0 8 0
e 0 20 0
e 1 9 0
e 1 21 0
e 2 15 0
e 2 25 0
e 3 20 0
e 4 21 0
e 5 25 0
e 6 17 0
e 6 25 0
e 6 37 0
e 7 8 0
e 7 11 0
e 7 13 0
e 8 10 0
e 9 10 0
e 9 12 0
e 10 26 0
e 11 12 0
e 11 27 0
e 12 28 0
e 13 16 0
e 13 29 0
e 14 15 0
e 14 18 0
e 14 19 0
e 15 30 0
e 15 31 0
e 16 20 0
e 16 34 0
e 17 21 0
e 17 32 0
e 17 33 0
e 18 22 0
e 18 35 0
e 19 23 0
e 19 36 0
e 22 24 0
e 22 38 0
e 23 24 0
e 23 39 0
e 24 40 0
ID 71
v 0 2
v 1 2
v 2 2
v 3 2
v 4 2
v 5 4
v 6 4
v 7 4
v 8 4
v 9 4
v 10 4
v 11 4
v 12 4
v 13 4
v 14 4
v 15 4
v 16 4
v 17 4
v 18 4
v 19 4
v 20 4
v 21 4
v 22 4
v 23 4
v 24 4
v 25 4
v 26 4
v 27 4
v 28 4
v 29 5
v 30 5
v 31 5
v 32 5
v 33 5
v 34 5
v 35 5
v 36 5
v 37 5
v 38 5
v 39 5
v 40 5
v 41 5
v 42 5
v 43 5
v 44 5
v 45 5
v 46 5
v 47 5
v 48 5
v 49 5
v 50 5
v 51 5
v 52 5
v 53 5
v 54 5
v 55 5
v 56 5
v 57 5
v 58 5
e 0 14 0
e 0 52 0
e 1 15 0
e 1 53 0
e 2 17 0
e 3 16 0
e 4 27 0
e 4 28 0
e 5 9 0
e 5 10 0
e 5 18 0
e 5 19 0
e 6 8 0
e 6 11 0
e 6 20 0
e 6 21 0
e 7 12 0
e 7 13 0
e 7 22 0
e 7 29 0
e 8 14 0
e 8 32 0
e 8 33 0
e 9 15 0
e 9 30 0
e 9 31 0
e 10 16 0
e 10 34 0
e 10 35 0
e 11 17 0
e 11 36 0
e 11 37 0
e 12 15 0
e 12 16 0
e 13 14 0
e 13 17 0
e 18 38 0
e 18 39 0
e 18 42 0
e 19 43 0
e 19 44 0
e 19 45 0
e 20 46 0
e 20 47 0
e 20 48 0
e 21 40 0
e 21 41 0
e 21 49 0
e 22 23 0
e 22 24 0
e 23 25 0
e 23 50 0
e 24 26 0
e 24 51 0
e 25 27 0
e 25 54 0
e 26 27 0
e 26 55 0
e 28 56 0
e 28 57 0
e 28 58 0
ID 72
v 0 8
v 1 2
v 2 2
v 3 2
v 4 2
v 5 2
v 6 2
v 7 2
v 8 3
v 9 4
v 10 4
v 11 4
v 12 4
v 13 4
v 14 4
v 15 4
v 16 4
v 17 4
v 18 4
v 19 4
v 20 4
v 21 4
v 22 4
v 23 4
v 24 4
v 25 4
v 26 4
v 27 4
v 28 4
v 29 4
v 30 4
v 31 4
v 32 4
v 33 4
v 34 4
v 35 4
v 36 4
v 37 4
v 38 5
v 39 5
v 40 5
v 41 5
v 42 5
v 43 5
v 44 5
v 45 5
v 46 5
v 47 5
v 48 5
v 49 5
v 50 5
v 51 5
v 52 5
v 53 5
v 54 5
v 55 5
v 56 5
v 57 5
v 58 5
v 59 5
v 60 5
v 61 5
v 62 5
v 63 5
v 64 5
v 65 5
v 66 5
v 67 5
v 68 5
v 69 5
e 0 30 0
e 1 15 0
e 2 23 0
e 2 32 0
e 3 23 0
e 4 26 0
e 4 34 0
e 5 28 0
e 5 33 0
e 6 29 0
e 6 36 0
e 7 31 0
e 7 55 0
e 8 12 0
e 8 18 0
e 8 44 0
e 9 10 0
e 9 14 0
e 9 17 0
e 9 38 0
e 10 12 0
e 10 39 0
e 10 40 0
e 11 12 0
e 11 13 0
e 11 15 0
e 13 16 0
e 13 19 0
e 13 41 0
e 14 15 0
e 14 42 0
e 14 43 0
e 16 18 0
e 16 23 0
e 17 20 0
e 17 21 0
e 18 22 0
e 19 24 0
e 19 25 0
e 20 26 0
e 20 45 0
e 21 27 0
e 21 46 0
e 22 47 0
e 22 48 0
e 22 49 0
e 24 28 0
e 24 50 0
e 25 30 0
e 25 51 0
e 26 29 0
e 27 29 0
e 27 52 0
e 28 31 0
e 30 31 0
e 32 35 0
e 32 53 0
e 32 54 0
e 33 37 0
e 33 56 0
e 33 57 0
e 34 61 0
e 34 62 0
e 34 63 0
e 35 58 0
e 35 59 0
e 35 60 0
e 36 64 0
e 36 65 0
e 36 66 0
e 37 67 0
e 37 68 0
e 37 69 0
ID 73
v 0 8
v 1 8
v 2 1
v 3 2
v 4 2
v 5 2
v 6 2
v 7 3
v 8 3
v 9 3
v 10 3
v 11 3
v 12 3
v 13 4
v 14 4
v 15 4
v 16 4
v 17 4
v 18 4
v 19 4
v 20 4
v 21 4
v 22 4
v 23 4
v 24 4
v 25 4
v 26 4
v 27 4
v 28 4
v 29 4
v 30 4
v 31 5
v 32 5
v 33 5
v 34 5
v 35 5
v 36 5
v 37 5
v 38 5
v 39 5
v 40 5
v 41 5
v 42 5
v 43 5
e 0 29 0
e 1 30 0
e 2 18 0
e 3 13 0
e 4 16 0
e 5 19 0
e 6 20 0
e 7 13 0
e 7 14 0
e 7 16 0
e 8 13 0
e 8 15 0
e 8 17 0
e 9 19 0
e 9 21 0
e 9 36 0
e 10 20 0
e 10 22 0
e 10 37 0
e 11 21 0
e 11 27 0
e 12 22 0
e 12 28 0
e 14 19 0
e 14 31 0
e 14 32 0
e 15 20 0
e 15 33 0
e 15 34 0
e 16 18 0
e 17 18 0
e 17 35 0
e 21 23 0
e 22 24 0
e 23 25 0
e 23 38 0
e 24 26 0
e 24 39 0
e 25 29 0
e 25 40 0
e 26 30 0
e 26 41 0
e 27 29 0
e 27 42 0
e 28 30 0
e 28 43 0
ID 74
v 0 8
v 1 3
v 2 3
v 3 3
v 4 3
v 5 3
v 6 4
v 7 4
v 8 4
v 9 4
v 10 4
v 11 4
v 12 4
v 13 4
v 14 4
v 15 4
v 16 4
v 17 4
v 18 4
v 19 4
v 20 4
v 21 4
v 22 4
v 23 4
v 24 4
v 25 4
v 26 4
v 27 4
v 28 4
v 29 4
v 30 4
v 31 4
v 32 5
v 33 5
v 34 5
v 35 5
v 36 5
v 37 5
v 38 5
v 39 5
v 40 5
v 41 5
v 42 5
v 43 5
v 44 5
v 45 5
v 46 5
v 47 5
v 48 5
v 49 5
v 50 5
v 51 5
v 52 5
v 53 5
e 0 31 0
e 1 11 0
e 1 16 0
e 2 3 0
e 2 17 0
e 2 18 0
e 3 15 0
e 4 16 0
e 4 43 0
e 4 44 0
e 5 20 0
e 6 7 0
e 6 8 0
e 6 32 0
e 6 33 0
e 7 11 0
e 7 12 0
e 8 9 0
e 8 34 0
e 8 35 0
e 9 10 0
e 9 36 0
e 9 37 0
e 10 11 0
e 10 38 0
e 10 39 0
e 12 13 0
e 12 14 0
e 13 15 0
e 13 17 0
e 14 16 0
e 14 20 0
e 15 19 0
e 17 40 0
e 18 21 0
e 18 41 0
e 18 42 0
e 19 22 0
e 19 23 0
e 21 24 0
e 21 25 0
e 22 26 0
e 22 45 0
e 23 27 0
e 23 46 0
e 24 29 0
e 24 47 0
e 25 30 0
e 25 48 0
e 26 28 0
e 26 49 0
e 27 28 0
e 27 50 0
e 28 51 0
e 29 31 0
e 29 52 0
e 30 31 0
e 30 53 0
ID 75
v 0 7
v 1 2
v 2 2
v 3 3
v 4 3
v 5 3
v 6 4
v 7 4
v 8 4
v 9 4
v 10 4
v 11 4
v 12 4
v 13 4
v 14 4
v 15 4
v 16 4
v 17 4
v 18 4
v 19 4
v 20 4
v 21 4
v 22 4
v 23 4
v 24 4
v 25 4
v 26 5
v 27 5
v 28 5
v 29 5
v 30 5
v 31 5
v 32 5
v 33 5
v 34 5
v 35 5
v 36 5
v 37 5
v 38 5
v 39 5
v 40 5
v 41 5
v 42 5
v 43 5
v 44 5
v 45 5
v 46 5
v 47 5
v 48 5
v 49 5
e 0 15 0
e 1 12 0
e 2 24 0
e 2 25 0
e 3 6 0
e 3 7 0
e 3 10 0
e 4 8 0
e 4 9 0
e 4 11 0
e 5 12 0
e 5 18 0
e 5 39 0
e 6 8 0
e 6 28 0
e 6 29 0
e 7 9 0
e 7 26 0
e 7 27 0
e 8 30 0
e 8 31 0
e 9 32 0
e 9 33 0
e 10 12 0
e 10 34 0
e 10 35 0
e 11 13 0
e 11 14 0
e 13 15 0
e 13 36 0
e 14 16 0
e 14 37 0
e 15 17 0
e 16 17 0
e 16 38 0
e 17 19 0
e 18 20 0
e 18 21 0
e 19 40 0
e 19 41 0
e 19 42 0
e 20 22 0
e 20 43 0
e 21 23 0
e 21 44 0
e 22 24 0
e 22 45 0
e 23 24 0
e 23 46 0
e 25 47 0
e 25 48 0
e 25 49 0
ID 76
v 0 1
v 1 2
v 2 2
v 3 2
v 4 2
v 5 3
v 6 4
v 7 4
v 8 4
v 9 4
v 10 4
v 11 4
v 12 4
v 13 4
v 14 4
v 15 4
v 16 4
v 17 4
v 18 4
v 19 4
v 20 4
v 21 4
v 22 4
v 23 4
v 24 4
v 25 4
v 26 5
v 27 5
v 28 5
v 29 5
v 30 5
v 31 5
v 32 5
v 33 5
v 34 5
v 35 5
v 36 5
v 37 5
v 38 5
v 39 5
v 40 5
v 41 5
v 42 5
v 43 5
v 44 5
v 45 5
v 46 5
v 47 5
e 0 21 0
e 1 10 0
e 1 17 0
e 2 12 0
e 3 18 0
e 3 24 0
e 4 18 0
e 5 17 0
e 5 39 0
e 5 40 0
e 6 7 0
e 6 8 0
e 6 13 0
e 6 14 0
e 7 10 0
e 7 26 0
e 7 27 0
e 8 12 0
e 8 28 0
e 8 29 0
e 9 10 0
e 9 11 0
e 9 12 0
e 11 15 0
e 11 16 0
e 11 30 0
e 13 34 0
e 13 35 0
e 13 36 0
e 14 31 0
e 14 32 0
e 14 33 0
e 15 17 0
e 15 18 0
e 16 19 0
e 16 20 0
e 19 21 0
e 19 37 0
e 20 22 0
e 20 38 0
e 21 23 0
e 22 23 0
e 22 41 0
e 23 42 0
e 24 25 0
e 24 43 0
e 24 44 0
e 25 45 0
e 25 46 0
e 25 47 0
ID 77
v 0 2
v 1 2
v 2 2
v 3 2
v 4 2
v 5 2
v 6 2
v 7 3
v 8 3
v 9 4
v 10 4
v 11 4
v 12 4
v 13 4
v 14 4
v 15 4
v 16 4
v 17 4
v 18 4
v 19 4
v 20 4
v 21 4
v 22 4
v 23 4
v 24 4
v 25 4
v 26 4
v 27 4
v 28 4
v 29 4
v 30 4
v 31 4
v 32 4
v 33 5
v 34 5
v 35 5
v 36 5
v 37 5
v 38 5
v 39 5
v 40 5
v 41 5
v 42 5
v 43 5
v 44 5
v 45 5
v 46 5
v 47 5
v 48 5
v 49 5
v 50 5
v 51 5
v 52 5
v 53 5
v 54 5
v 55 5
v 56 5
v 57 5
v 58 5
e 0 19 0
e 0 20 0
e 1 18 0
e 1 52 0
e 2 16 0
e 3 21 0
e 4 26 0
e 4 31 0
e 5 29 0
e 5 32 0
e 6 29 0
e 7 9 0
e 7 10 0
e 7 16 0
e 8 12 0
e 8 14 0
e 8 15 0
e 9 13 0
e 9 17 0
e 9 33 0
e 10 11 0
e 10 34 0
e 10 35 0
e 11 12 0
e 11 36 0
e 11 37 0
e 12 38 0
e 12 39 0
e 13 18 0
e 13 21 0
e 14 19 0
e 14 42 0
e 14 43 0
e 15 20 0
e 15 40 0
e 15 41 0
e 16 18 0
e 17 22 0
e 17 23 0
e 19 44 0
e 19 45 0
e 20 46 0
e 20 47 0
e 21 26 0
e 22 24 0
e 22 48 0
e 23 25 0
e 23 49 0
e 24 27 0
e 24 50 0
e 25 27 0
e 25 51 0
e 26 28 0
e 27 29 0
e 28 30 0
e 28 53 0
e 30 31 0
e 30 54 0
e 31 55 0
e 32 56 0
e 32 57 0
e 32 58 0
ID 78
v 0 8
v 1 7
v 2 7
v 3 2
v 4 2
v 5 3
v 6 3
v 7 3
v 8 4
v 9 4
v 10 4
v 11 4
v 12 4
v 13 4
v 14 4
v 15 4
v 16 4
v 17 4
v 18 4
v 19 4
v 20 4
v 21 4
v 22 4
v 23 4
v 24 5
v 25 5
v 26 5
v 27 5
v 28 5
v 29 5
v 30 5
v 31 5
v 32 5
v 33 5
e 0 17 0
e 1 21 0
e 2 23 0
e 3 10 0
e 4 13 0
e 5 8 0
e 5 10 0
e 5 12 0
e 6 11 0
e 6 12 0
e 7 13 0
e 7 16 0
e 7 29 0
e 8 13 0
e 8 24 0
e 8 25 0
e 9 10 0
e 9 11 0
e 9 14 0
e 11 15 0
e 12 26 0
e 14 17 0
e 14 27 0
e 15 18 0
e 15 28 0
e 16 19 0
e 16 20 0
e 17 18 0
e 18 30 0
e 19 21 0
e 19 31 0
e 20 22 0
e 20 32 0
e 21 23 0
e 22 23 0
e 22 33 0
ID 79
v 0 6
v 1 2
v 2 2
v 3 2
v 4 2
v 5 2
v 6 2
v 7 4
v 8 4
v 9 4
v 10 4
v 11 4
v 12 4
v 13 4
v 14 4
v 15 4
v 16 4
v 17 4
v 18 4
v 19 4
v 20 4
v 21 4
v 22 4
v 23 4
v 24 4
v 25 4
v 26 4
v 27 4
v 28 4
v 29 4
v 30 4
v 31 5
v 32 5
v 33 5
v 34 5
v 35 5
v 36 5
v 37 5
v 38 5
v 39 5
v 40 5
v 41 5
v 42 5
v 43 5
v 44 5
v 45 5
v 46 5
v 47 5
v 48 5
e 0 1 0
e 0 2 0
e 0 7 0
e 0 8 0
e 3 13 0
e 3 19 0
e 4 14 0
e 4 20 0
e 5 29 0
e 5 47 0
e 6 30 0
e 6 48 0
e 7 9 0
e 7 11 0
e 8 10 0
e 8 12 0
e 9 15 0
e 9 32 0
e 10 16 0
e 10 31 0
e 11 17 0
e 11 34 0
e 12 18 0
e 12 33 0
e 13 15 0
e 13 17 0
e 14 16 0
e 14 18 0
e 15 36 0
e 16 35 0
e 17 38 0
e 18 37 0
e 19 21 0
e 19 24 0
e 20 22 0
e 20 23 0
e 21 25 0
e 21 40 0
e 22 26 0
e 22 39 0
e 23 28 0
e 23 41 0
e 24 27 0
e 24 42 0
e 25 29 0
e 25 43 0
e 26 30 0
e 26 44 0
e 27 29 0
e 27 45 0
e 28 30 0
e 28 46 0
ID 80
v 0 2
v 1 2
v 2 2
v 3 3
v 4 3
v 5 3
v 6 3
v 7 4
v 8 4
v 9 4
v 10 4
v 11 4
v 12 4
v 13 4
v 14 4
v 15 4
v 16 4
v 17 4
v 18 4
v 19 4
v 20 4
v 21 4
v 22 4
v 23 4
v 24 4
v 25 4
v 26 4
v 27 5
v 28 5
v 29 5
v 30 5
v 31 5
v 32 5
v 33 5
v 34 5
v 35 5
v 36 5
v 37 5
v 38 5
v 39 5
v 40 5
v 41 5
v 42 5
v 43 5
v 44 5
v 45 5
v 46 5
v 47 5
v 48 5
e 0 11 0
e 0 12 0
e 1 15 0
e 2 17 0
e 3 8 0
e 3 9 0
e 3 13 0
e 4 7 0
e 4 14 0
e 4 38 0
e 5 15 0
e 5 16 0
e 5 39 0
e 6 17 0
e 6 20 0
e 6 42 0
e 7 10 0
e 7 15 0
e 7 27 0
e 8 11 0
e 8 30 0
e 8 31 0
e 9 12 0
e 9 28 0
e 9 29 0
e 10 17 0
e 10 32 0
e 10 33 0
e 11 36 0
e 11 37 0
e 12 34 0
e 12 35 0
e 13 18 0
e 13 19 0
e 14 16 0
e 14 23 0
e 16 24 0
e 18 21 0
e 18 40 0
e 19 22 0
e 19 41 0
e 20 21 0
e 20 22 0
e 21 43 0
e 22 44 0
e 23 25 0
e 23 45 0
e 24 26 0
e 24 46 0
e 25 26 0
e 25 47 0
e 26 48 0
ID 81
v 0 7
v 1 7
v 2 1
v 3 1
v 4 1
v 5 2
v 6 3
v 7 3
v 8 3
v 9 3
v 10 3
v 11 3
v 12 4
v 13 4
v 14 4
v 15 4
v 16 4
v 17 4
v 18 4
v 19 4
v 20 4
v 21 4
v 22 4
v 23 4
v 24 4
v 25 4
v 26 4
v 27 4
v 28 4
v 29 4
v 30 4
v 31 4
v 32 4
v 33 4
v 34 4
v 35 4
v 36 4
v 37 4
v 38 4
v 39 5
v 40 5
v 41 5
v 42 5
v 43 5
v 44 5
v 45 5
v 46 5
v 47 5
v 48 5
v 49 5
v 50 5
v 51 5
v 52 5
v 53 5
v 54 5
v 55 5
v 56 5
v 57 5
e 0 23 0
e 1 38 0
e 2 22 0
e 3 22 0
e 4 22 0
e 5 27 0
e 6 8 0
e 6 18 0
e 6 19 0
e 7 15 0
e 7 19 0
e 8 24 0
e 9 11 0
e 9 29 0
e 9 30 0
e 10 27 0
e 10 28 0
e 10 47 0
e 11 28 0
e 12 13 0
e 12 15 0
e 12 18 0
e 13 14 0
e 13 39 0
e 13 40 0
e 14 16 0
e 14 41 0
e 14 42 0
e 15 17 0
e 16 17 0
e 16 20 0
e 17 21 0
e 18 22 0
e 19 23 0
e 20 25 0
e 20 43 0
e 21 26 0
e 21 44 0
e 23 24 0
e 24 27 0
e 25 26 0
e 25 45 0
e 26 46 0
e 28 31 0
e 29 31 0
e 29 33 0
e 30 32 0
e 30 48 0
e 30 49 0
e 31 50 0
e 32 34 0
e 32 35 0
e 33 51 0
e 33 52 0
e 33 53 0
e 34 36 0
e 34 54 0
e 35 37 0
e 35 55 0
e 36 38 0
e 36 56 0
e 37 38 0
e 37 57 0
ID 82
v 0 8
v 1 2
v 2 2
v 3 2
v 4 3
v 5 3
v 6 3
v 7 4
v 8 4
v 9 4
v 10 4
v 11 4
v 12 4
v 13 4
v 14 4
v 15 4
v 16 4
v 17 4
v 18 4
v 19 4
v 20 4
v 21 4
v 22 4
v 23 4
v 24 4
v 25 4
v 26 4
v 27 4
v 28 5
v 29 5
v 30 5
v 31 5
v 32 5
v 33 5
v 34 5
v 35 5
v 36 5
v 37 5
v 38 5
v 39 5
v 40 5
v 41 5
v 42 5
v 43 5
e 0 27 0
e 1 10 0
e 1 15 0
e 2 18 0
e 2 21 0
e 3 17 0
e 4 9 0
e 4 17 0
e 4 34 0
e 5 10 0
e 5 16 0
e 6 16 0
e 6 22 0
e 7 8 0
e 7 9 0
e 7 13 0
e 8 10 0
e 8 11 0
e 9 12 0
e 11 14 0
e 11 28 0
e 12 14 0
e 12 29 0
e 13 30 0
e 13 31 0
e 13 32 0
e 14 33 0
e 15 16 0
e 15 19 0
e 17 18 0
e 18 35 0
e 18 36 0
e 19 20 0
e 19 37 0
e 20 22 0
e 20 38 0
e 21 23 0
e 21 24 0
e 22 39 0
e 23 25 0
e 23 40 0
e 24 26 0
e 24 41 0
e 25 27 0
e 25 42 0
e 26 27 0
e 26 43 0
ID 83
v 0 2
v 1 2
v 2 2
v 3 2
v 4 2
v 5 2
v 6 3
v 7 3
v 8 3
v 9 3
v 10 3
v 11 4
v 12 4
v 13 4
v 14 4
v 15 4
v 16 4
v 17 4
v 18 4
v 19 4
v 20 4
v 21 4
v 22 4
v 23 4
v 24 4
v 25 4
v 26 4
v 27 4
v 28 4
v 29 4
v 30 4
v 31 4
v 32 4
v 33 4
v 34 4
v 35 4
v 36 4
v 37 4
v 38 4
v 39 5
v 40 5
v 41 5
v 42 5
v 43 5
v 44 5
v 45 5
v 46 5
v 47 5
v 48 5
v 49 5
v 50 5
v 51 5
v 52 5
v 53 5
v 54 5
v 55 5
v 56 5
v 57 5
v 58 5
v 59 5
v 60 5
v 61 5
v 62 5
v 63 5
v 64 5
v 65 5
v 66 5
v 67 5
v 68 5
v 69 5
e 0 16 0
e 1 26 0
e 1 34 0
e 2 32 0
e 2 35 0
e 3 33 0
e 3 36 0
e 4 32 0
e 5 33 0
e 6 7 0
e 6 11 0
e 6 16 0
e 7 13 0
e 8 9 0
e 8 20 0
e 8 29 0
e 9 10 0
e 10 31 0
e 11 12 0
e 11 14 0
e 11 39 0
e 12 13 0
e 12 40 0
e 12 41 0
e 13 15 0
e 14 17 0
e 14 18 0
e 15 19 0
e 15 21 0
e 16 20 0
e 17 23 0
e 17 42 0
e 18 24 0
e 18 43 0
e 19 25 0
e 19 27 0
e 20 44 0
e 20 45 0
e 21 22 0
e 21 46 0
e 22 28 0
e 22 30 0
e 23 26 0
e 23 47 0
e 24 26 0
e 24 48 0
e 25 28 0
e 25 49 0
e 27 50 0
e 27 51 0
e 27 52 0
e 28 53 0
e 29 31 0
e 29 32 0
e 30 54 0
e 30 55 0
e 30 56 0
e 31 33 0
e 34 57 0
e 34 58 0
e 34 59 0
e 35 37 0
e 35 60 0
e 35 61 0
e 36 38 0
e 36 62 0
e 36 63 0
e 37 64 0
e 37 65 0
e 37 66 0
e 38 67 0
e 38 68 0
e 38 69 0
ID 84
v 0 7
v 1 6
v 2 2
v 3 2
v 4 2
v 5 2
v 6 2
v 7 2
v 8 3
v 9 3
v 10 4
v 11 4
v 12 4
v 13 4
v 14 4
v 15 4
v 16 4
v 17 4
v 18 4
v 19 4
v 20 4
v 21 4
v 22 4
v 23 4
v 24 4
v 25 4
v 26 4
v 27 4
v 28 4
v 29 4
v 30 4
v 31 4
v 32 5
v 33 5
v 34 5
v 35 5
v 36 5
v 37 5
v 38 5
v 39 5
v 40 5
v 41 5
v 42 5
v 43 5
v 44 5
v 45 5
v 46 5
v 47 5
v 48 5
v 49 5
v 50 5
e 0 27 0
e 1 14 0
e 1 16 0
e 2 17 0
e 2 21 0
e 3 17 0
e 4 18 0
e 4 24 0
e 5 18 0
e 6 19 0
e 7 9 0
e 7 23 0
e 8 16 0
e 8 19 0
e 8 37 0
e 9 22 0
e 10 11 0
e 10 12 0
e 10 17 0
e 10 32 0
e 11 13 0
e 11 33 0
e 11 34 0
e 12 14 0
e 12 15 0
e 13 14 0
e 13 35 0
e 13 36 0
e 15 16 0
e 15 18 0
e 19 20 0
e 20 22 0
e 20 23 0
e 21 38 0
e 21 39 0
e 21 40 0
e 22 25 0
e 23 26 0
e 24 41 0
e 24 42 0
e 24 43 0
e 25 27 0
e 25 28 0
e 26 44 0
e 26 45 0
e 26 46 0
e 27 29 0
e 28 30 0
e 28 47 0
e 29 31 0
e 29 48 0
e 30 31 0
e 30 49 0
e 31 50 0
ID 85
v 0 2
v 1 2
v 2 2
v 3 2
v 4 3
v 5 3
v 6 4
v 7 4
v 8 4
v 9 4
v 10 4
v 11 4
v 12 4
v 13 4
v 14 4
v 15 4
v 16 4
v 17 4
v 18 4
v 19 4
v 20 4
v 21 4
v 22 4
v 23 4
v 24 4
v 25 4
v 26 5
v 27 5
v 28 5
v 29 5
v 30 5
v 31 5
v 32 5
v 33 5
v 34 5
v 35 5
v 36 5
v 37 5
v 38 5
v 39 5
v 40 5
v 41 5
v 42 5
v 43 5
v 44 5
v 45 5
v 46 5
v 47 5
v 48 5
v 49 5
e 0 11 0
e 1 12 0
e 1 19 0
e 2 14 0
e 2 18 0
e 3 20 0
e 3 25 0
e 4 6 0
e 4 7 0
e 4 10 0
e 5 8 0
e 5 9 0
e 5 11 0
e 6 8 0
e 6 26 0
e 6 27 0
e 7 9 0
e 7 28 0
e 7 29 0
e 8 30 0
e 8 31 0
e 9 32 0
e 9 33 0
e 10 12 0
e 10 13 0
e 11 14 0
e 12 15 0
e 13 16 0
e 13 34 0
e 14 35 0
e 14 36 0
e 15 17 0
e 15 37 0
e 16 17 0
e 16 38 0
e 17 39 0
e 18 20 0
e 18 21 0
e 19 40 0
e 19 41 0
e 19 42 0
e 20 22 0
e 21 23 0
e 21 43 0
e 22 24 0
e 22 44 0
e 23 24 0
e 23 45 0
e 24 46 0
e 25 47 0
e 25 48 0
e 25 49 0
ID 86
v 0 8
v 1 2
v 2 2
v 3 2
v 4 3
v 5 4
v 6 4
v 7 4
v 8 4
v 9 4
v 10 4
v 11 4
v 12 4
v 13 4
v 14 4
v 15 4
v 16 4
v 17 4
v 18 4
v 19 4
v 20 4
v 21 4
v 22 5
v 23 5
v 24 5
v 25 5
v 26 5
v 27 5
v 28 5
v 29 5
v 30 5
v 31 5
v 32 5
v 33 5
v 34 5
v 35 5
v 36 5
v 37 5
e 0 19 0
e 1 13 0
e 1 20 0
e 2 14 0
e 2 21 0
e 3 10 0
e 4 5 0
e 4 10 0
e 4 25 0
e 5 6 0
e 5 9 0
e 5 22 0
e 6 7 0
e 6 11 0
e 7 8 0
e 7 12 0
e 8 10 0
e 8 23 0
e 8 24 0
e 9 15 0
e 9 16 0
e 11 13 0
e 11 26 0
e 12 14 0
e 12 27 0
e 13 14 0
e 15 17 0
e 15 28 0
e 16 18 0
e 16 29 0
e 17 19 0
e 17 30 0
e 18 19 0
e 18 31 0
e 20 32 0
e 20 33 0
e 20 34 0
e 21 35 0
e 21 36 0
e 21 37 0
ID 87
v 0 2
v 1 2
v 2 2
v 3 2
v 4 2
v 5 2
v 6 3
v 7 4
v 8 4
v 9 4
v 10 4
v 11 4
v 12 4
v 13 4
v 14 4
v 15 4
v 16 4
v 17 4
v 18 4
v 19 4
v 20 4
v 21 4
v 22 4
v 23 4
v 24 4
v 25 4
v 26 4
v 27 5
v 28 5
v 29 5
v 30 5
v 31 5
v 32 5
v 33 5
v 34 5
v 35 5
v 36 5
v 37 5
v 38 5
v 39 5
v 40 5
v 41 5
v 42 5
v 43 5
e 0 11 0
e 1 12 0
e 2 18 0
e 2 19 0
e 3 18 0
e 4 20 0
e 4 43 0
e 5 20 0
e 6 7 0
e 6 11 0
e 6 12 0
e 7 8 0
e 7 27 0
e 7 28 0
e 8 13 0
e 8 29 0
e 8 30 0
e 9 10 0
e 9 11 0
e 9 14 0
e 10 12 0
e 10 15 0
e 13 18 0
e 13 31 0
e 13 32 0
e 14 16 0
e 14 33 0
e 15 17 0
e 15 34 0
e 16 17 0
e 16 20 0
e 17 35 0
e 19 21 0
e 19 36 0
e 19 37 0
e 21 22 0
e 21 23 0
e 22 24 0
e 22 38 0
e 23 25 0
e 23 39 0
e 24 26 0
e 24 40 0
e 25 26 0
e 25 41 0
e 26 42 0
ID 88
v 0 8
v 1 8
v 2 2
v 3 3
v 4 3
v 5 3
v 6 4
v 7 4
v 8 4
v 9 4
v 10 4
v 11 4
v 12 4
v 13 4
v 14 4
v 15 4
v 16 4
v 17 4
v 18 4
v 19 4
v 20 4
v 21 4
v 22 4
v 23 4
v 24 4
v 25 4
v 26 5
v 27 5
v 28 5
v 29 5
v 30 5
v 31 5
v 32 5
v 33 5
v 34 5
v 35 5
v 36 5
v 37 5
v 38 5
v 39 5
v 40 5
v 41 5
v 42 5
v 43 5
v 44 5
e 0 20 0
e 1 21 0
e 2 7 0
e 2 35 0
e 3 6 0
e 3 8 0
e 3 9 0
e 4 5 0
e 4 12 0
e 4 17 0
e 5 23 0
e 6 7 0
e 6 26 0
e 6 27 0
e 7 12 0
e 7 28 0
e 8 10 0
e 8 13 0
e 9 11 0
e 9 14 0
e 10 11 0
e 10 15 0
e 11 16 0
e 12 29 0
e 12 30 0
e 13 18 0
e 13 31 0
e 14 19 0
e 14 32 0
e 15 20 0
e 15 33 0
e 16 21 0
e 16 34 0
e 17 22 0
e 17 24 0
e 18 20 0
e 18 36 0
e 19 21 0
e 19 37 0
e 22 23 0
e 22 38 0
e 23 25 0
e 24 39 0
e 24 40 0
e 24 41 0
e 25 42 0
e 25 43 0
e 25 44 0
ID 89
v 0 6
v 1 2
v 2 3
v 3 3
v 4 3
v 5 3
v 6 4
v 7 4
v 8 4
v 9 4
v 10 4
v 11 4
v 12 4
v 13 4
v 14 4
v 15 4
v 16 4
v 17 4
v 18 4
v 19 4
v 20 4
v 21 4
v 22 4
v 23 4
v 24 4
v 25 4
v 26 4
v 27 4
v 28 4
v 29 4
v 30 4
v 31 5
v 32 5
v 33 5
v 34 5
v 35 5
v 36 5
v 37 5
v 38 5
v 39 5
v 40 5
v 41 5
v 42 5
v 43 5
v 44 5
v 45 5
v 46 5
v 47 5
v 48 5
v 49 5
v 50 5
v 51 5
v 52 5
e 0 14 0
e 0 17 0
e 1 11 0
e 2 7 0
e 2 10 0
e 2 11 0
e 3 17 0
e 3 18 0
e 3 19 0
e 4 5 0
e 4 17 0
e 5 18 0
e 6 7 0
e 6 8 0
e 6 31 0
e 6 32 0
e 7 33 0
e 7 34 0
e 8 9 0
e 8 35 0
e 8 36 0
e 9 10 0
e 9 12 0
e 10 13 0
e 11 14 0
e 12 15 0
e 12 37 0
e 13 16 0
e 13 38 0
e 14 39 0
e 14 40 0
e 15 16 0
e 15 41 0
e 16 42 0
e 18 20 0
e 19 21 0
e 19 22 0
e 20 23 0
e 20 24 0
e 21 25 0
e 21 43 0
e 22 26 0
e 22 44 0
e 23 28 0
e 23 45 0
e 24 29 0
e 24 46 0
e 25 27 0
e 25 47 0
e 26 27 0
e 26 48 0
e 27 49 0
e 28 30 0
e 28 50 0
e 29 30 0
e 29 51 0
e 30 52 0
ID 90
v 0 7
v 1 6
v 2 2
v 3 2
v 4 2
v 5 3
v 6 3
v 7 3
v 8 3
v 9 4
v 10 4
v 11 4
v 12 4
v 13 4
v 14 4
v 15 4
v 16 4
v 17 4
v 18 4
v 19 4
v 20 4
v 21 4
v 22 4
v 23 4
v 24 4
v 25 4
v 26 4
v 27 4
v 28 5
v 29 5
v 30 5
v 31 5
v 32 5
v 33 5
v 34 5
v 35 5
v 36 5
v 37 5
v 38 5
v 39 5
v 40 5
v 41 5
v 42 5
v 43 5
v 44 5
e 0 21 0
e 1 11 0
e 1 16 0
e 2 19 0
e 3 27 0
e 3 44 0
e 4 27 0
e 5 9 0
e 5 10 0
e 5 11 0
e 6 7 0
e 6 10 0
e 7 11 0
e 8 19 0
e 8 20 0
e 8 39 0
e 9 13 0
e 9 28 0
e 9 29 0
e 10 12 0
e 12 14 0
e 12 15 0
e 13 30 0
e 13 31 0
e 13 32 0
e 14 17 0
e 14 33 0
e 15 18 0
e 15 34 0
e 16 19 0
e 16 35 0
e 16 36 0
e 17 21 0
e 17 37 0
e 18 21 0
e 18 38 0
e 20 22 0
e 20 23 0
e 22 25 0
e 22 40 0
e 23 26 0
e 23 41 0
e 24 25 0
e 24 26 0
e 24 27 0
e 25 42 0
e 26 43 0
ID 91
v 0 6
v 1 6
v 2 2
v 3 3
v 4 3
v 5 3
v 6 3
v 7 4
v 8 4
v 9 4
v 10 4
v 11 4
v 12 4
v 13 4
v 14 4
v 15 4
v 16 4
v 17 4
v 18 4
v 19 4
v 20 4
v 21 4
v 22 4
v 23 4
v 24 4
v 25 4
v 26 4
v 27 5
v 28 5
v 29 5
v 30 5
v 31 5
v 32 5
v 33 5
v 34 5
v 35 5
v 36 5
v 37 5
v 38 5
v 39 5
v 40 5
e 0 8 0
e 0 9 0
e 1 10 0
e 1 19 0
e 2 24 0
e 3 7 0
e 3 9 0
e 3 10 0
e 4 6 0
e 4 9 0
e 5 15 0
e 5 24 0
e 5 36 0
e 6 10 0
e 7 8 0
e 7 11 0
e 8 13 0
e 11 17 0
e 11 27 0
e 12 14 0
e 12 16 0
e 12 22 0
e 13 18 0
e 13 28 0
e 14 20 0
e 14 23 0
e 15 16 0
e 15 21 0
e 16 29 0
e 17 18 0
e 17 30 0
e 18 31 0
e 19 24 0
e 19 32 0
e 19 33 0
e 20 21 0
e 20 34 0
e 21 35 0
e 22 25 0
e 22 37 0
e 23 26 0
e 23 38 0
e 25 26 0
e 25 39 0
e 26 40 0
ID 92
v 0 2
v 1 2
v 2 3
v 3 3
v 4 3
v 5 4
v 6 4
v 7 4
v 8 4
v 9 4
v 10 4
v 11 4
v 12 4
v 13 4
v 14 4
v 15 4
v 16 4
v 17 4
v 18 4
v 19 4
v 20 4
v 21 4
v 22 4
v 23 4
v 24 4
v 25 4
v 26 4
v 27 4
v 28 4
v 29 4
v 30 4
v 31 4
v 32 5
v 33 5
v 34 5
v 35 5
v 36 5
v 37 5
v 38 5
v 39 5
v 40 5
v 41 5
v 42 5
v 43 5
v 44 5
v 45 5
v 46 5
v 47 5
v 48 5
v 49 5
v 50 5
v 51 5
v 52 5
v 53 5
v 54 5
v 55 5
v 56 5
v 57 5
v 58 5
v 59 5
v 60 5
v 61 5
v 62 5
v 63 5
v 64 5
e 0 11 0
e 1 17 0
e 2 10 0
e 2 15 0
e 2 17 0
e 3 9 0
e 3 16 0
e 3 43 0
e 4 29 0
e 4 30 0
e 4 31 0
e 5 6 0
e 5 7 0
e 5 12 0
e 5 13 0
e 6 9 0
e 6 32 0
e 6 33 0
e 7 11 0
e 7 34 0
e 7 35 0
e 8 9 0
e 8 10 0
e 8 11 0
e 10 14 0
e 10 36 0
e 12 40 0
e 12 41 0
e 12 42 0
e 13 37 0
e 13 38 0
e 13 39 0
e 14 19 0
e 14 20 0
e 15 16 0
e 15 21 0
e 16 22 0
e 17 18 0
e 18 27 0
e 18 28 0
e 18 44 0
e 19 25 0
e 19 45 0
e 20 26 0
e 20 46 0
e 21 23 0
e 21 47 0
e 22 24 0
e 22 48 0
e 23 24 0
e 23 49 0
e 24 50 0
e 25 29 0
e 25 51 0
e 26 29 0
e 26 52 0
e 27 53 0
e 27 54 0
e 27 55 0
e 28 56 0
e 28 57 0
e 28 58 0
e 30 62 0
e 30 63 0
e 30 64 0
e 31 59 0
e 31 60 0
e 31 61 0
ID 93
v 0 6
v 1 1
v 2 1
v 3 1
v 4 2
v 5 3
v 6 3
v 7 3
v 8 3
v 9 3
v 10 3
v 11 4
v 12 4
v 13 4
v 14 4
v 15 4
v 16 4
v 17 4
v 18 4
v 19 4
v 20 4
v 21 4
v 22 4
v 23 4
v 24 4
v 25 4
v 26 4
v 27 4
v 28 4
v 29 4
v 30 4
v 31 4
v 32 4
v 33 4
v 34 4
v 35 4
v 36 4
v 37 5
v 38 5
v 39 5
v 40 5
v 41 5
v 42 5
v 43 5
v 44 5
v 45 5
v 46 5
v 47 5
v 48 5
v 49 5
v 50 5
v 51 5
v 52 5
v 53 5
v 54 5
v 55 5
v 56 5
v 57 5
v 58 5
v 59 5
e 0 20 0
e 0 27 0
e 1 26 0
e 2 26 0
e 3 26 0
e 4 28 0
e 5 8 0
e 5 12 0
e 5 13 0
e 6 9 0
e 6 11 0
e 6 16 0
e 7 12 0
e 7 15 0
e 8 18 0
e 9 25 0
e 10 21 0
e 10 28 0
e 10 46 0
e 11 14 0
e 11 37 0
e 11 38 0
e 12 19 0
e 13 17 0
e 13 26 0
e 14 22 0
e 14 23 0
e 15 17 0
e 15 20 0
e 16 24 0
e 16 32 0
e 17 39 0
e 18 19 0
e 18 28 0
e 19 40 0
e 20 31 0
e 21 29 0
e 21 30 0
e 22 29 0
e 22 41 0
e 23 30 0
e 23 42 0
e 24 25 0
e 24 43 0
e 25 35 0
e 27 33 0
e 27 34 0
e 29 44 0
e 30 45 0
e 31 34 0
e 31 47 0
e 32 48 0
e 32 49 0
e 32 50 0
e 33 36 0
e 33 51 0
e 33 52 0
e 34 53 0
e 35 54 0
e 35 55 0
e 35 56 0
e 36 57 0
e 36 58 0
e 36 59 0
ID 94
v 0 7
v 1 6
v 2 2
v 3 2
v 4 2
v 5 2
v 6 2
v 7 3
v 8 3
v 9 4
v 10 4
v 11 4
v 12 4
v 13 4
v 14 4
v 15 4
v 16 4
v 17 4
v 18 4
v 19 4
v 20 4
v 21 4
v 22 4
v 23 4
v 24 4
v 25 4
v 26 5
v 27 5
v 28 5
v 29 5
v 30 5
v 31 5
v 32 5
v 33 5
v 34 5
v 35 5
v 36 5
v 37 5
v 38 5
v 39 5
v 40 5
v 41 5
v 42 5
v 43 5
v 44 5
v 45 5
v 46 5
v 47 5
v 48 5
e 0 24 0
e 1 3 0
e 1 4 0
e 1 8 0
e 1 18 0
e 2 21 0
e 2 22 0
e 5 25 0
e 5 48 0
e 6 25 0
e 7 9 0
e 7 15 0
e 7 37 0
e 8 16 0
e 8 17 0
e 9 10 0
e 9 11 0
e 9 26 0
e 10 12 0
e 10 27 0
e 10 28 0
e 11 13 0
e 11 29 0
e 11 30 0
e 12 14 0
e 12 31 0
e 12 32 0
e 13 14 0
e 13 33 0
e 13 34 0
e 14 35 0
e 14 36 0
e 15 19 0
e 15 20 0
e 16 21 0
e 16 40 0
e 16 41 0
e 17 22 0
e 17 38 0
e 17 39 0
e 18 23 0
e 18 24 0
e 19 23 0
e 19 25 0
e 20 24 0
e 20 42 0
e 21 45 0
e 21 46 0
e 22 43 0
e 22 44 0
e 23 47 0
ID 95
v 0 2
v 1 2
v 2 3
v 3 4
v 4 4
v 5 4
v 6 4
v 7 4
v 8 4
v 9 4
v 10 4
v 11 4
v 12 4
v 13 4
v 14 4
v 15 4
v 16 4
v 17 4
v 18 4
v 19 4
v 20 4
v 21 4
v 22 4
v 23 4
v 24 4
v 25 4
v 26 4
v 27 5
v 28 5
v 29 5
v 30 5
v 31 5
v 32 5
v 33 5
v 34 5
v 35 5
v 36 5
v 37 5
v 38 5
v 39 5
v 40 5
v 41 5
v 42 5
v 43 5
v 44 5
v 45 5
v 46 5
v 47 5
v 48 5
v 49 5
v 50 5
v 51 5
e 0 9 0
e 0 18 0
e 1 8 0
e 1 40 0
e 2 3 0
e 2 4 0
e 2 5 0
e 3 8 0
e 3 27 0
e 3 28 0
e 4 7 0
e 4 11 0
e 5 6 0
e 5 10 0
e 6 7 0
e 6 12 0
e 7 13 0
e 8 9 0
e 8 29 0
e 9 30 0
e 9 31 0
e 10 15 0
e 10 32 0
e 11 14 0
e 11 33 0
e 12 17 0
e 12 34 0
e 13 16 0
e 13 35 0
e 14 16 0
e 14 36 0
e 15 17 0
e 15 37 0
e 16 38 0
e 17 39 0
e 18 19 0
e 18 20 0
e 19 22 0
e 19 24 0
e 20 23 0
e 20 25 0
e 21 22 0
e 21 23 0
e 21 26 0
e 22 41 0
e 23 42 0
e 24 43 0
e 24 44 0
e 24 45 0
e 25 46 0
e 25 47 0
e 25 48 0
e 26 49 0
e 26 50 0
e 26 51 0
ID 96
v 0 7
v 1 2
v 2 2
v 3 2
v 4 2
v 5 4
v 6 4
v 7 4
v 8 4
v 9 4
v 10 4
v 11 4
v 12 4
v 13 4
v 14 4
v 15 4
v 16 4
v 17 4
v 18 4
v 19 4
v 20 4
v 21 4
v 22 4
v 23 4
v 24 4
v 25 4
v 26 4
v 27 5
v 28 5
v 29 5
v 30 5
v 31 5
v 32 5
v 33 5
v 34 5
v 35 5
v 36 5
v 37 5
v 38 5
v 39 5
v 40 5
v 41 5
e 0 24 0
e 1 7 0
e 1 8 0
e 2 10 0
e 2 15 0
e 3 14 0
e 3 41 0
e 4 14 0
e 5 6 0
e 5 7 0
e 5 9 0
e 6 8 0
e 6 14 0
e 7 12 0
e 8 11 0
e 9 10 0
e 9 27 0
e 10 13 0
e 11 16 0
e 11 17 0
e 12 13 0
e 12 28 0
e 13 29 0
e 15 18 0
e 15 30 0
e 15 31 0
e 16 19 0
e 16 32 0
e 17 20 0
e 17 33 0
e 18 22 0
e 18 23 0
e 19 21 0
e 19 34 0
e 20 21 0
e 20 35 0
e 21 38 0
e 22 24 0
e 22 36 0
e 23 25 0
e 23 37 0
e 24 26 0
e 25 26 0
e 25 39 0
e 26 40 0
ID 97
v 0 2
v 1 2
v 2 2
v 3 3
v 4 3
v 5 4
v 6 4
v 7 4
v 8 4
v 9 4
v 10 4
v 11 4
v 12 4
v 13 4
v 14 4
v 15 4
v 16 4
v 17 4
v 18 4
v 19 4
v 20 4
v 21 4
v 22 4
v 23 4
v 24 4
v 25 4
v 26 4
v 27 4
v 28 4
v 29 5
v 30 5
v 31 5
v 32 5
v 33 5
v 34 5
v 35 5
v 36 5
v 37 5
v 38 5
v 39 5
v 40 5
v 41 5
v 42 5
v 43 5
v 44 5
v 45 5
v 46 5
v 47 5
v 48 5
v 49 5
v 50 5
v 51 5
v 52 5
v 53 5
v 54 5
e 0 7 0
e 0 11 0
e 1 10 0
e 1 26 0
e 2 27 0
e 3 6 0
e 3 14 0
e 3 35 0
e 4 20 0
e 4 27 0
e 4 48 0
e 5 6 0
e 5 8 0
e 5 12 0
e 6 29 0
e 6 30 0
e 7 10 0
e 7 13 0
e 8 10 0
e 8 31 0
e 9 11 0
e 9 15 0
e 9 16 0
e 11 32 0
e 11 33 0
e 12 13 0
e 12 34 0
e 13 36 0
e 14 17 0
e 14 18 0
e 15 19 0
e 15 21 0
e 16 24 0
e 16 37 0
e 17 22 0
e 17 38 0
e 18 23 0
e 18 39 0
e 19 25 0
e 19 40 0
e 20 22 0
e 20 23 0
e 21 41 0
e 21 42 0
e 21 43 0
e 22 44 0
e 23 45 0
e 24 25 0
e 24 46 0
e 25 47 0
e 26 49 0
e 26 50 0
e 26 51 0
e 27 28 0
e 28 52 0
e 28 53 0
e 28 54 0
ID 98
v 0 2
v 1 2
v 2 2
v 3 2
v 4 3
v 5 4
v 6 4
v 7 4
v 8 4
v 9 4
v 10 4
v 11 4
v 12 4
v 13 4
v 14 4
v 15 4
v 16 4
v 17 4
v 18 5
v 19 5
v 20 5
v 21 5
v 22 5
v 23 5
v 24 5
v 25 5
v 26 5
v 27 5
v 28 5
v 29 5
v 30 5
v 31 5
v 32 5
v 33 5
v 34 5
v 35 5
v 36 5
v 37 5
v 38 5
e 0 10 0
e 0 14 0
e 1 11 0
e 2 15 0
e 2 16 0
e 3 15 0
e 4 6 0
e 4 8 0
e 4 11 0
e 5 6 0
e 5 7 0
e 5 15 0
e 5 18 0
e 6 19 0
e 6 20 0
e 7 9 0
e 7 21 0
e 7 22 0
e 8 9 0
e 8 23 0
e 8 24 0
e 9 25 0
e 9 26 0
e 10 11 0
e 10 12 0
e 10 27 0
e 12 13 0
e 12 28 0
e 12 29 0
e 13 14 0
e 13 30 0
e 13 31 0
e 14 32 0
e 14 33 0
e 16 17 0
e 16 34 0
e 16 35 0
e 17 36 0
e 17 37 0
e 17 38 0
ID 99
v 0 7
v 1 6
v 2 2
v 3 3
v 4 3
v 5 3
v 6 3
v 7 3
v 8 4
v 9 4
v 10 4
v 11 4
v 12 4
v 13 4
v 14 4
v 15 4
v 16 4
v 17 4
v 18 4
v 19 4
v 20 4
v 21 4
v 22 4
v 23 4
v 24 5
v 25 5
v 26 5
v 27 5
v 28 5
v 29 5
v 30 5
v 31 5
v 32 5
v 33 5
v 34 5
v 35 5
v 36 5
v 37 5
e 0 21 0
e 1 9 0
e 1 12 0
e 2 10 0
e 3 5 0
e 3 11 0
e 3 12 0
e 4 10 0
e 4 13 0
e 4 28 0
e 5 7 0
e 6 7 0
e 6 12 0
e 8 9 0
e 8 10 0
e 8 24 0
e 8 25 0
e 9 26 0
e 9 27 0
e 11 14 0
e 11 15 0
e 13 16 0
e 13 17 0
e 14 18 0
e 14 29 0
e 15 19 0
e 15 30 0
e 16 21 0
e 16 31 0
e 17 22 0
e 17 32 0
e 18 20 0
e 18 33 0
e 19 20 0
e 19 34 0
e 20 35 0
e 21 23 0
e 22 23 0
e 22 36 0
e 23 37 0
