ID 0
v 0 2
v 1 2
v 2 2
v 3 2
v 4 2
v 5 2
v 6 0
v 7 2
v 8 2
v 9 2
v 10 0
v 11 3
v 12 2
v 13 2
v 14 1
v 15 2
v 16 2
v 17 2
v 18 2
v 19 2
v 20 2
v 21 2
v 22 3
v 23 0
v 24 0
e 0 1 0
e 0 5 0
e 0 22 0
e 1 2 0
e 2 3 0
e 3 4 0
e 3 6 0
e 4 5 0
e 4 9 0
e 6 7 0
e 7 8 0
e 7 10 0
e 8 9 0
e 8 12 0
e 11 12 0
e 11 15 0
e 12 13 0
e 13 14 0
e 14 15 0
e 15 16 0
e 16 17 0
e 16 21 0
e 17 18 0
e 18 19 0
e 19 20 0
e 20 21 0
e 22 23 0
e 22 24 0
ID 1
v 0 2
v 1 2
v 2 2
v 3 2
v 4 0
v 5 2
v 6 2
v 7 0
v 8 2
v 9 2
v 10 2
v 11 1
v 12 2
v 13 2
v 14 2
v 15 2
v 16 0
v 17 2
v 18 2
v 19 2
v 20 1
e 0 15 0
e 0 17 0
e 0 20 0
e 1 2 0
e 1 15 0
e 2 3 0
e 2 10 0
e 3 4 0
e 3 5 0
e 5 6 0
e 5 7 0
e 6 9 0
e 7 8 0
e 8 9 0
e 10 11 0
e 10 12 0
e 11 14 0
e 12 13 0
e 13 14 0
e 15 16 0
e 17 18 0
e 18 19 0
e 19 20 0
ID 2
v 0 3
v 1 0
v 2 0
v 3 2
v 4 2
v 5 2
v 6 2
v 7 2
v 8 2
v 9 2
v 10 3
v 11 2
v 12 2
v 13 3
v 14 3
v 15 3
v 16 2
v 17 2
v 18 2
v 19 2
v 20 2
v 21 2
v 22 2
v 23 2
v 24 2
v 25 2
v 26 2
v 27 2
v 28 2
v 29 2
e 0 1 0
e 0 2 0
e 0 3 0
e 3 4 0
e 3 5 0
e 4 6 0
e 5 7 0
e 6 8 0
e 7 8 0
e 8 9 0
e 9 10 0
e 9 11 0
e 10 12 0
e 11 13 0
e 12 13 0
e 12 14 0
e 13 15 0
e 14 16 0
e 15 17 0
e 16 17 0
e 16 18 0
e 17 19 0
e 18 20 0
e 18 21 0
e 19 22 0
e 19 23 0
e 20 24 0
e 21 25 0
e 22 26 0
e 23 27 0
e 24 28 0
e 25 28 0
e 26 29 0
e 27 29 0
ID 3
v 0 4
v 1 13
v 2 3
v 3 3
v 4 1
v 5 2
v 6 3
v 7 2
v 8 2
v 9 2
v 10 2
v 11 2
v 12 2
v 13 3
v 14 2
v 15 2
v 16 2
v 17 2
v 18 2
v 19 2
v 20 2
e 0 1 0
e 1 2 0
e 1 3 0
e 1 4 0
e 2 5 0
e 2 6 0
e 3 7 0
e 3 8 0
e 4 9 0
e 5 7 0
e 5 10 0
e 6 9 0
e 7 11 0
e 8 12 0
e 9 13 0
e 11 14 0
e 12 14 0
e 13 15 0
e 13 16 0
e 15 17 0
e 16 18 0
e 17 19 0
e 18 20 0
e 19 20 0
ID 4
v 0 3
v 1 2
v 2 2
v 3 0
v 4 2
v 5 0
v 6 2
v 7 2
v 8 2
v 9 2
v 10 2
v 11 2
v 12 0
v 13 0
v 14 2
v 15 2
v 16 2
v 17 0
v 18 1
v 19 0
v 20 0
v 21 0
v 22 2
v 23 2
v 24 2
v 25 2
v 26 2
v 27 2
v 28 2
v 29 2
e 0 1 0
e 0 4 0
e 1 2 0
e 1 14 0
e 2 12 0
e 2 13 0
e 3 4 0
e 3 16 0
e 4 5 0
e 6 7 0
e 6 8 0
e 6 16 0
e 7 11 0
e 8 9 0
e 9 10 0
e 10 11 0
e 13 23 0
e 14 15 0
e 15 17 0
e 17 18 0
e 18 19 0
e 18 20 0
e 18 21 0
e 21 22 0
e 23 24 0
e 24 25 0
e 24 29 0
e 25 26 0
e 26 27 0
e 27 28 0
e 28 29 0
ID 5
v 0 0
v 1 2
v 2 2
v 3 2
v 4 2
v 5 2
v 6 0
v 7 2
v 8 0
v 9 2
v 10 2
v 11 2
v 12 2
v 13 2
v 14 2
v 15 0
v 16 2
v 17 2
v 18 2
v 19 2
e 0 1 0
e 1 2 0
e 1 3 0
e 2 4 0
e 2 5 0
e 3 6 0
e 3 7 0
e 4 8 0
e 4 9 0
e 5 10 0
e 7 8 0
e 7 11 0
e 9 12 0
e 10 12 0
e 11 13 0
e 11 14 0
e 12 15 0
e 13 16 0
e 14 17 0
e 15 18 0
e 16 19 0
e 17 19 0
ID 6
v 0 1
v 1 0
v 2 0
v 3 0
v 4 2
v 5 2
v 6 2
v 7 0
v 8 2
v 9 0
v 10 2
v 11 2
v 12 2
v 13 3
v 14 2
v 15 0
v 16 2
v 17 0
v 18 2
v 19 2
v 20 2
v 21 2
v 22 2
e 0 1 0
e 0 2 0
e 0 3 0
e 0 4 0
e 4 5 0
e 4 6 0
e 5 7 0
e 5 8 0
e 6 9 0
e 6 10 0
e 8 11 0
e 8 12 0
e 10 11 0
e 10 13 0
e 11 14 0
e 12 15 0
e 12 16 0
e 14 17 0
e 14 18 0
e 16 18 0
e 16 19 0
e 18 20 0
e 19 21 0
e 20 22 0
e 21 22 0
ID 7
v 0 2
v 1 0
v 2 2
v 3 2
v 4 2
v 5 2
v 6 0
v 7 0
v 8 2
v 9 0
v 10 2
v 11 2
v 12 2
v 13 2
v 14 2
v 15 2
v 16 3
v 17 2
v 18 3
v 19 2
v 20 0
v 21 2
v 22 3
v 23 2
v 24 2
v 25 2
v 26 2
v 27 2
v 28 2
v 29 2
v 30 0
e 0 1 0
e 0 5 0
e 0 22 0
e 1 2 0
e 2 3 0
e 2 8 0
e 3 4 0
e 3 7 0
e 4 5 0
e 4 30 0
e 5 6 0
e 8 9 0
e 10 11 0
e 10 15 0
e 10 22 0
e 11 12 0
e 12 13 0
e 13 14 0
e 13 16 0
e 14 15 0
e 14 19 0
e 16 17 0
e 17 18 0
e 17 21 0
e 18 19 0
e 18 23 0
e 19 20 0
e 23 24 0
e 23 28 0
e 24 25 0
e 25 26 0
e 26 27 0
e 27 28 0
e 27 29 0
ID 8
v 0 2
v 1 3
v 2 0
v 3 2
v 4 3
v 5 2
v 6 2
v 7 2
v 8 2
v 9 2
v 10 1
v 11 1
v 12 3
e 0 1 0
e 0 2 0
e 0 3 0
e 1 4 0
e 3 5 0
e 3 6 0
e 4 7 0
e 5 8 0
e 6 9 0
e 7 10 0
e 7 11 0
e 8 12 0
e 9 12 0
ID 9
v 0 0
v 1 2
v 2 2
v 3 3
v 4 2
v 5 2
v 6 2
v 7 2
v 8 2
v 9 2
v 10 2
v 11 2
v 12 0
v 13 2
v 14 2
v 15 2
v 16 2
v 17 2
v 18 2
v 19 2
v 20 2
v 21 2
v 22 2
v 23 3
v 24 2
v 25 2
v 26 0
v 27 2
v 28 0
v 29 2
v 30 2
v 31 2
v 32 2
v 33 2
v 34 2
v 35 2
v 36 2
v 37 2
e 0 1 0
e 1 2 0
e 1 3 0
e 2 4 0
e 2 5 0
e 3 6 0
e 3 7 0
e 4 8 0
e 4 9 0
e 5 10 0
e 6 11 0
e 7 8 0
e 7 12 0
e 8 13 0
e 9 14 0
e 9 15 0
e 10 15 0
e 11 16 0
e 13 17 0
e 14 17 0
e 16 18 0
e 18 19 0
e 19 20 0
e 20 21 0
e 21 22 0
e 22 23 0
e 23 24 0
e 23 25 0
e 24 26 0
e 24 27 0
e 25 28 0
e 25 29 0
e 27 30 0
e 27 31 0
e 29 30 0
e 29 32 0
e 30 33 0
e 31 34 0
e 32 35 0
e 33 36 0
e 33 37 0
e 34 37 0
e 35 36 0
ID 10
v 0 2
v 1 2
v 2 2
v 3 2
v 4 3
v 5 2
v 6 3
v 7 2
v 8 3
v 9 2
v 10 0
v 11 0
v 12 2
v 13 2
v 14 2
v 15 2
v 16 2
v 17 2
v 18 2
e 0 1 0
e 0 4 0
e 1 8 0
e 2 3 0
e 2 6 0
e 3 4 0
e 4 9 0
e 5 6 0
e 5 7 0
e 7 8 0
e 9 10 0
e 9 11 0
e 10 12 0
e 12 13 0
e 13 14 0
e 13 18 0
e 14 15 0
e 15 16 0
e 16 17 0
e 17 18 0
ID 11
v 0 18
v 1 4
v 2 4
v 3 2
v 4 2
v 5 2
v 6 2
v 7 2
v 8 2
v 9 4
v 10 2
v 11 3
v 12 2
v 13 2
v 14 11
v 15 0
v 16 0
v 17 0
v 18 2
v 19 2
v 20 2
v 21 2
v 22 2
v 23 2
v 24 11
v 25 0
v 26 0
v 27 2
v 28 2
v 29 2
v 30 0
v 31 2
v 32 2
v 33 2
e 0 1 0
e 0 2 0
e 0 3 0
e 0 9 0
e 3 4 0
e 3 8 0
e 4 5 0
e 5 6 0
e 6 7 0
e 7 8 0
e 10 11 0
e 10 14 0
e 10 24 0
e 11 12 0
e 11 13 0
e 14 15 0
e 14 16 0
e 14 17 0
e 16 18 0
e 17 21 0
e 18 19 0
e 18 20 0
e 21 22 0
e 21 23 0
e 24 25 0
e 24 26 0
e 24 30 0
e 26 27 0
e 27 28 0
e 27 29 0
e 30 31 0
e 31 32 0
e 31 33 0
ID 12
v 0 2
v 1 2
v 2 2
v 3 2
v 4 2
v 5 2
v 6 0
v 7 0
v 8 2
v 9 0
v 10 0
v 11 2
v 12 2
v 13 2
v 14 2
v 15 2
v 16 2
v 17 2
e 0 1 0
e 0 2 0
e 0 3 0
e 1 4 0
e 2 5 0
e 3 6 0
e 3 7 0
e 4 8 0
e 5 9 0
e 5 10 0
e 8 11 0
e 11 12 0
e 12 13 0
e 13 14 0
e 14 15 0
e 15 16 0
e 16 17 0
ID 13
v 0 2
v 1 2
v 2 2
v 3 2
v 4 3
v 5 2
v 6 2
v 7 2
v 8 2
v 9 2
v 10 0
v 11 2
v 12 12
v 13 12
v 14 12
v 15 3
v 16 2
v 17 0
v 18 0
v 19 2
v 20 2
v 21 2
e 0 1 0
e 0 4 0
e 0 5 0
e 1 8 0
e 1 15 0
e 2 3 0
e 2 10 0
e 2 15 0
e 3 4 0
e 3 9 0
e 5 6 0
e 6 7 0
e 6 11 0
e 7 8 0
e 9 16 0
e 9 21 0
e 11 12 0
e 11 13 0
e 11 14 0
e 16 17 0
e 16 18 0
e 18 19 0
e 19 20 0
ID 14
v 0 2
v 1 2
v 2 2
v 3 2
v 4 2
v 5 2
v 6 2
v 7 2
v 8 2
v 9 2
v 10 2
v 11 2
v 12 2
v 13 3
v 14 3
v 15 2
v 16 4
v 17 4
e 0 1 0
e 0 5 0
e 1 2 0
e 2 3 0
e 2 12 0
e 3 4 0
e 4 5 0
e 5 16 0
e 6 7 0
e 6 11 0
e 7 8 0
e 8 9 0
e 8 17 0
e 9 10 0
e 10 11 0
e 11 15 0
e 12 13 0
e 13 14 0
e 14 15 0
ID 15
v 0 2
v 1 2
v 2 2
v 3 2
v 4 2
v 5 0
v 6 2
v 7 0
v 8 0
v 9 3
v 10 2
v 11 2
v 12 2
v 13 2
v 14 2
v 15 2
v 16 2
v 17 2
v 18 2
v 19 2
v 20 2
e 0 1 0
e 0 5 0
e 0 16 0
e 1 2 0
e 1 20 0
e 2 3 0
e 3 4 0
e 3 9 0
e 4 5 0
e 4 8 0
e 6 7 0
e 6 9 0
e 6 10 0
e 10 11 0
e 10 15 0
e 11 12 0
e 12 13 0
e 13 14 0
e 14 15 0
e 16 17 0
e 17 18 0
e 18 19 0
e 19 20 0
ID 16
v 0 3
v 1 2
v 2 2
v 3 2
v 4 2
v 5 2
v 6 3
v 7 2
v 8 3
v 9 2
v 10 0
v 11 2
v 12 2
v 13 2
v 14 2
v 15 2
v 16 2
v 17 2
v 18 2
v 19 2
v 20 2
v 21 2
v 22 0
v 23 2
v 24 2
v 25 1
v 26 2
v 27 2
e 0 1 0
e 0 5 0
e 0 18 0
e 1 2 0
e 2 3 0
e 3 4 0
e 3 6 0
e 3 9 0
e 4 5 0
e 6 7 0
e 6 12 0
e 7 8 0
e 8 9 0
e 8 11 0
e 9 10 0
e 12 13 0
e 12 14 0
e 13 15 0
e 14 17 0
e 15 16 0
e 16 17 0
e 18 19 0
e 19 20 0
e 20 21 0
e 21 22 0
e 21 23 0
e 23 24 0
e 23 25 0
e 24 27 0
e 25 26 0
e 26 27 0
ID 17
v 0 2
v 1 2
v 2 2
v 3 0
v 4 0
v 5 2
v 6 3
v 7 2
v 8 0
v 9 3
v 10 2
v 11 2
v 12 2
v 13 2
v 14 0
v 15 2
v 16 2
v 17 2
v 18 2
e 0 6 0
e 0 15 0
e 0 18 0
e 1 15 0
e 1 16 0
e 2 3 0
e 2 4 0
e 2 16 0
e 4 17 0
e 5 17 0
e 6 7 0
e 6 12 0
e 7 8 0
e 7 9 0
e 9 10 0
e 10 11 0
e 10 14 0
e 11 12 0
e 11 13 0
ID 18
v 0 3
v 1 2
v 2 2
v 3 2
v 4 3
v 5 2
v 6 2
v 7 3
v 8 2
v 9 2
v 10 2
v 11 2
v 12 2
v 13 0
v 14 3
v 15 3
v 16 2
v 17 2
v 18 2
v 19 2
v 20 2
v 21 2
v 22 2
e 0 1 0
e 0 2 0
e 1 3 0
e 1 4 0
e 2 5 0
e 2 6 0
e 3 7 0
e 3 8 0
e 4 9 0
e 5 10 0
e 5 11 0
e 6 12 0
e 7 13 0
e 8 14 0
e 8 15 0
e 9 15 0
e 9 16 0
e 11 17 0
e 12 17 0
e 16 18 0
e 16 19 0
e 18 20 0
e 19 21 0
e 20 22 0
e 21 22 0
ID 19
v 0 0
v 1 2
v 2 3
v 3 2
v 4 2
v 5 3
v 6 1
v 7 2
v 8 2
v 9 2
v 10 2
v 11 2
v 12 1
v 13 2
v 14 0
v 15 2
v 16 4
v 17 2
v 18 2
v 19 2
v 20 2
v 21 2
v 22 4
v 23 2
v 24 2
v 25 2
e 0 1 0
e 1 2 0
e 1 3 0
e 2 4 0
e 2 5 0
e 3 6 0
e 4 6 0
e 4 7 0
e 5 8 0
e 5 9 0
e 7 10 0
e 7 11 0
e 8 12 0
e 8 13 0
e 9 14 0
e 9 15 0
e 10 16 0
e 10 17 0
e 11 18 0
e 12 15 0
e 13 19 0
e 13 20 0
e 17 21 0
e 18 21 0
e 19 22 0
e 19 23 0
e 20 24 0
e 23 25 0
e 24 25 0
ID 20
v 0 0
v 1 2
v 2 2
v 3 2
v 4 2
v 5 2
v 6 3
v 7 2
v 8 2
v 9 2
v 10 2
v 11 0
v 12 1
v 13 2
v 14 0
v 15 0
v 16 0
v 17 1
v 18 0
v 19 0
v 20 0
e 0 1 0
e 1 2 0
e 1 3 0
e 2 4 0
e 2 5 0
e 3 6 0
e 3 7 0
e 4 8 0
e 4 9 0
e 5 10 0
e 6 11 0
e 7 8 0
e 7 12 0
e 9 13 0
e 10 13 0
e 12 14 0
e 12 15 0
e 12 16 0
e 13 17 0
e 17 18 0
e 17 19 0
e 17 20 0
ID 21
v 0 2
v 1 2
v 2 2
v 3 2
v 4 2
v 5 3
v 6 2
v 7 2
v 8 2
v 9 2
v 10 2
v 11 2
v 12 1
v 13 2
v 14 2
v 15 2
v 16 2
v 17 0
v 18 0
v 19 2
v 20 4
e 0 1 0
e 0 5 0
e 0 9 0
e 1 2 0
e 1 6 0
e 2 3 0
e 3 4 0
e 4 5 0
e 5 10 0
e 6 7 0
e 7 8 0
e 7 19 0
e 8 9 0
e 9 12 0
e 10 11 0
e 10 13 0
e 11 12 0
e 11 16 0
e 12 17 0
e 12 18 0
e 13 14 0
e 14 15 0
e 15 16 0
e 15 20 0
ID 22
v 0 2
v 1 3
v 2 0
v 3 2
v 4 2
v 5 2
v 6 2
v 7 3
v 8 1
v 9 2
v 10 2
v 11 2
v 12 2
v 13 2
v 14 2
v 15 0
v 16 2
v 17 2
v 18 2
v 19 2
e 0 1 0
e 0 2 0
e 0 3 0
e 1 4 0
e 3 5 0
e 3 6 0
e 4 7 0
e 4 8 0
e 5 9 0
e 6 10 0
e 7 11 0
e 9 12 0
e 10 12 0
e 11 13 0
e 11 14 0
e 12 15 0
e 13 16 0
e 14 17 0
e 15 18 0
e 16 19 0
e 17 19 0
ID 23
v 0 2
v 1 2
v 2 2
v 3 2
v 4 2
v 5 0
v 6 2
v 7 0
v 8 0
v 9 3
v 10 2
v 11 2
v 12 2
v 13 2
v 14 3
v 15 2
v 16 2
v 17 3
e 0 1 0
e 0 5 0
e 0 10 0
e 1 2 0
e 2 3 0
e 2 11 0
e 3 4 0
e 3 9 0
e 4 5 0
e 4 8 0
e 6 7 0
e 6 9 0
e 6 12 0
e 12 13 0
e 12 17 0
e 13 14 0
e 14 15 0
e 15 16 0
e 16 17 0
ID 24
v 0 2
v 1 2
v 2 2
v 3 2
v 4 2
v 5 2
v 6 2
v 7 2
v 8 2
v 9 2
v 10 2
v 11 2
v 12 2
v 13 2
v 14 2
v 15 2
v 16 2
v 17 2
v 18 2
v 19 2
v 20 2
v 21 2
v 22 2
v 23 2
v 24 0
v 25 0
v 26 2
e 0 1 0
e 0 4 0
e 0 16 0
e 1 2 0
e 1 9 0
e 2 3 0
e 3 4 0
e 3 5 0
e 3 6 0
e 5 8 0
e 6 7 0
e 7 8 0
e 7 10 0
e 8 13 0
e 9 14 0
e 10 11 0
e 11 12 0
e 11 21 0
e 12 13 0
e 12 23 0
e 14 15 0
e 14 18 0
e 15 16 0
e 15 20 0
e 16 17 0
e 17 24 0
e 17 25 0
e 18 19 0
e 19 20 0
e 21 22 0
e 22 23 0
e 25 26 0
ID 25
v 0 2
v 1 2
v 2 2
v 3 2
v 4 2
v 5 2
v 6 3
v 7 2
v 8 2
v 9 2
v 10 2
v 11 2
v 12 2
v 13 3
v 14 2
v 15 2
v 16 2
v 17 2
v 18 2
v 19 2
v 20 2
v 21 2
e 0 1 0
e 0 2 0
e 1 3 0
e 2 4 0
e 2 5 0
e 3 6 0
e 4 7 0
e 4 8 0
e 5 9 0
e 5 10 0
e 6 11 0
e 6 12 0
e 7 13 0
e 7 14 0
e 8 15 0
e 9 16 0
e 9 17 0
e 10 18 0
e 13 16 0
e 13 19 0
e 14 20 0
e 15 20 0
e 17 21 0
e 18 21 0
ID 26
v 0 0
v 1 2
v 2 2
v 3 2
v 4 2
v 5 2
v 6 2
v 7 2
v 8 2
v 9 0
v 10 2
v 11 2
v 12 2
v 13 2
v 14 0
v 15 0
v 16 2
v 17 2
v 18 2
v 19 2
v 20 2
v 21 2
v 22 2
e 0 1 0
e 1 2 0
e 1 3 0
e 2 4 0
e 2 5 0
e 3 6 0
e 3 7 0
e 4 8 0
e 4 9 0
e 5 10 0
e 5 11 0
e 6 8 0
e 6 12 0
e 7 13 0
e 8 14 0
e 8 15 0
e 9 16 0
e 10 17 0
e 11 18 0
e 12 19 0
e 13 19 0
e 14 20 0
e 15 21 0
e 16 20 0
e 17 22 0
e 18 22 0
e 20 21 0
ID 27
v 0 3
v 1 2
v 2 2
v 3 2
v 4 2
v 5 3
v 6 2
v 7 3
v 8 2
v 9 3
v 10 0
v 11 0
v 12 0
v 13 2
v 14 2
v 15 2
v 16 2
v 17 2
v 18 2
v 19 2
e 0 1 0
e 0 4 0
e 0 7 0
e 1 2 0
e 1 11 0
e 2 3 0
e 3 4 0
e 4 10 0
e 5 6 0
e 5 9 0
e 6 7 0
e 6 13 0
e 7 8 0
e 8 9 0
e 8 12 0
e 13 14 0
e 14 15 0
e 14 19 0
e 15 16 0
e 16 17 0
e 17 18 0
e 18 19 0
ID 28
v 0 2
v 1 2
v 2 2
v 3 2
v 4 2
v 5 2
v 6 2
v 7 1
v 8 2
v 9 3
v 10 2
v 11 2
v 12 2
v 13 2
v 14 2
v 15 2
v 16 2
v 17 2
v 18 2
v 19 2
v 20 2
v 21 2
v 22 2
v 23 2
v 24 2
v 25 2
v 26 2
v 27 2
e 0 1 0
e 0 5 0
e 1 2 0
e 2 3 0
e 2 6 0
e 3 4 0
e 3 8 0
e 4 5 0
e 6 7 0
e 6 9 0
e 7 8 0
e 8 14 0
e 8 16 0
e 9 24 0
e 10 11 0
e 10 15 0
e 11 12 0
e 12 13 0
e 13 14 0
e 14 15 0
e 16 17 0
e 16 21 0
e 17 18 0
e 18 19 0
e 19 20 0
e 20 21 0
e 22 23 0
e 22 27 0
e 23 24 0
e 24 25 0
e 25 26 0
e 26 27 0
ID 29
v 0 0
v 1 2
v 2 2
v 3 2
v 4 2
v 5 2
v 6 2
v 7 2
v 8 2
v 9 2
v 10 2
v 11 2
v 12 2
v 13 2
v 14 2
v 15 2
v 16 2
v 17 2
v 18 2
v 19 2
v 20 2
v 21 2
v 22 2
v 23 2
v 24 2
v 25 2
v 26 2
v 27 2
v 28 2
e 0 1 0
e 1 2 0
e 1 3 0
e 1 4 0
e 2 5 0
e 2 6 0
e 3 7 0
e 4 8 0
e 4 9 0
e 5 10 0
e 5 11 0
e 6 12 0
e 7 11 0
e 8 13 0
e 8 14 0
e 9 15 0
e 10 16 0
e 12 16 0
e 12 17 0
e 13 18 0
e 13 19 0
e 14 20 0
e 15 18 0
e 16 21 0
e 17 22 0
e 19 23 0
e 20 23 0
e 21 24 0
e 21 25 0
e 22 24 0
e 24 26 0
e 25 27 0
e 26 28 0
e 27 28 0
ID 30
v 0 3
v 1 2
v 2 2
v 3 2
v 4 2
v 5 2
v 6 2
v 7 2
v 8 2
v 9 2
v 10 2
v 11 2
v 12 2
v 13 2
v 14 2
v 15 2
v 16 2
v 17 2
v 18 2
v 19 2
v 20 2
v 21 2
v 22 2
v 23 3
v 24 1
v 25 0
v 26 0
v 27 2
v 28 2
v 29 2
v 30 2
v 31 2
v 32 2
v 33 2
v 34 2
v 35 2
v 36 2
v 37 2
v 38 2
v 39 2
e 0 1 0
e 0 4 0
e 0 24 0
e 1 2 0
e 1 33 0
e 2 3 0
e 2 17 0
e 3 4 0
e 3 5 0
e 3 11 0
e 4 23 0
e 5 6 0
e 5 10 0
e 6 7 0
e 7 8 0
e 8 9 0
e 9 10 0
e 11 12 0
e 11 16 0
e 12 13 0
e 13 14 0
e 14 15 0
e 15 16 0
e 17 18 0
e 17 22 0
e 18 19 0
e 19 20 0
e 20 21 0
e 21 22 0
e 24 25 0
e 24 26 0
e 24 27 0
e 27 28 0
e 27 32 0
e 28 29 0
e 29 30 0
e 30 31 0
e 31 32 0
e 33 34 0
e 34 35 0
e 34 39 0
e 35 36 0
e 36 37 0
e 37 38 0
e 38 39 0
ID 31
v 0 2
v 1 2
v 2 2
v 3 3
v 4 2
v 5 0
v 6 0
v 7 0
v 8 3
v 9 2
v 10 2
v 11 2
v 12 2
v 13 2
v 14 2
v 15 2
v 16 2
v 17 2
v 18 2
v 19 2
v 20 2
v 21 2
v 22 2
v 23 2
v 24 2
v 25 3
v 26 2
v 27 0
v 28 0
v 29 0
v 30 3
v 31 2
v 32 2
v 33 2
v 34 2
v 35 2
v 36 2
v 37 2
v 38 2
v 39 2
v 40 2
v 41 2
v 42 2
v 43 2
v 44 2
v 45 3
v 46 0
v 47 0
v 48 3
v 49 0
v 50 0
e 0 1 0
e 0 4 0
e 0 7 0
e 1 2 0
e 1 9 0
e 2 3 0
e 2 6 0
e 3 4 0
e 3 16 0
e 4 5 0
e 7 8 0
e 8 9 0
e 9 10 0
e 10 11 0
e 10 15 0
e 11 12 0
e 12 13 0
e 13 14 0
e 14 15 0
e 15 45 0
e 16 17 0
e 16 21 0
e 17 18 0
e 18 19 0
e 19 20 0
e 19 44 0
e 20 21 0
e 22 23 0
e 22 26 0
e 22 29 0
e 23 24 0
e 23 31 0
e 24 25 0
e 24 28 0
e 25 26 0
e 25 38 0
e 26 27 0
e 29 30 0
e 30 31 0
e 31 32 0
e 32 33 0
e 32 37 0
e 33 34 0
e 34 35 0
e 35 36 0
e 36 37 0
e 37 48 0
e 38 39 0
e 38 43 0
e 39 40 0
e 40 41 0
e 41 42 0
e 41 44 0
e 42 43 0
e 45 46 0
e 45 47 0
e 48 49 0
e 48 50 0
ID 32
v 0 2
v 1 2
v 2 2
v 3 2
v 4 2
v 5 2
v 6 3
v 7 2
v 8 2
v 9 3
v 10 2
v 11 3
v 12 2
v 13 3
v 14 3
v 15 2
v 16 0
v 17 2
v 18 2
v 19 2
v 20 2
v 21 3
v 22 2
v 23 2
v 24 0
v 25 1
v 26 2
v 27 2
v 28 2
v 29 0
e 0 1 0
e 0 26 0
e 0 29 0
e 1 2 0
e 2 3 0
e 3 4 0
e 4 5 0
e 4 14 0
e 5 6 0
e 5 9 0
e 6 7 0
e 7 8 0
e 7 10 0
e 8 9 0
e 8 13 0
e 10 11 0
e 10 24 0
e 11 12 0
e 12 13 0
e 12 25 0
e 14 15 0
e 15 16 0
e 15 17 0
e 17 18 0
e 17 23 0
e 18 19 0
e 19 20 0
e 20 21 0
e 20 22 0
e 22 23 0
e 26 27 0
e 27 28 0
e 28 29 0
ID 33
v 0 2
v 1 2
v 2 2
v 3 2
v 4 2
v 5 2
v 6 2
v 7 2
v 8 2
v 9 3
v 10 2
v 11 2
v 12 12
v 13 0
v 14 3
v 15 2
v 16 2
v 17 0
v 18 2
v 19 2
v 20 2
v 21 2
v 22 2
v 23 0
e 0 1 0
e 0 4 0
e 1 2 0
e 1 8 0
e 1 12 0
e 2 3 0
e 3 5 0
e 3 10 0
e 4 5 0
e 4 6 0
e 6 7 0
e 7 8 0
e 7 9 0
e 7 10 0
e 9 11 0
e 11 13 0
e 11 14 0
e 14 15 0
e 15 16 0
e 15 19 0
e 16 17 0
e 16 23 0
e 18 23 0
e 19 21 0
e 20 21 0
e 21 22 0
ID 34
v 0 2
v 1 2
v 2 2
v 3 2
v 4 2
v 5 2
v 6 4
v 7 2
v 8 2
v 9 3
v 10 2
v 11 3
v 12 1
v 13 1
v 14 2
v 15 3
v 16 2
v 17 3
v 18 2
v 19 2
v 20 2
v 21 2
v 22 2
v 23 2
v 24 2
v 25 4
v 26 2
v 27 3
v 28 3
v 29 2
v 30 4
e 0 1 0
e 0 5 0
e 1 2 0
e 1 6 0
e 2 3 0
e 3 4 0
e 4 5 0
e 4 7 0
e 7 8 0
e 7 9 0
e 8 11 0
e 8 12 0
e 9 10 0
e 10 11 0
e 10 27 0
e 11 26 0
e 12 13 0
e 13 14 0
e 14 15 0
e 14 18 0
e 15 16 0
e 15 29 0
e 16 17 0
e 16 28 0
e 17 18 0
e 18 19 0
e 19 20 0
e 19 24 0
e 20 21 0
e 21 22 0
e 22 23 0
e 22 25 0
e 23 24 0
ID 35
v 0 3
v 1 2
v 2 2
v 3 3
v 4 2
v 5 2
v 6 2
v 7 2
v 8 0
v 9 2
v 10 3
v 11 2
v 12 2
v 13 2
v 14 2
v 15 2
v 16 2
v 17 2
v 18 0
v 19 2
v 20 1
v 21 2
v 22 2
v 23 2
v 24 2
v 25 2
v 26 2
v 27 3
e 0 1 0
e 0 5 0
e 0 12 0
e 1 2 0
e 2 3 0
e 3 4 0
e 3 6 0
e 4 5 0
e 6 7 0
e 7 8 0
e 7 11 0
e 8 9 0
e 9 10 0
e 9 18 0
e 10 11 0
e 10 19 0
e 12 13 0
e 12 17 0
e 13 14 0
e 14 15 0
e 15 16 0
e 16 17 0
e 19 20 0
e 19 27 0
e 21 22 0
e 21 26 0
e 21 27 0
e 22 23 0
e 23 24 0
e 24 25 0
e 25 26 0
ID 36
v 0 2
v 1 2
v 2 2
v 3 2
v 4 2
v 5 2
v 6 2
v 7 3
v 8 3
v 9 2
v 10 3
v 11 2
v 12 2
v 13 2
v 14 2
v 15 2
v 16 2
e 0 1 0
e 1 2 0
e 1 3 0
e 2 4 0
e 3 5 0
e 4 6 0
e 4 7 0
e 5 6 0
e 6 8 0
e 7 9 0
e 8 9 0
e 8 10 0
e 9 11 0
e 10 12 0
e 11 12 0
e 11 13 0
e 12 14 0
e 13 15 0
e 14 16 0
e 15 16 0
ID 37
v 0 0
v 1 2
v 2 2
v 3 2
v 4 2
v 5 0
v 6 0
v 7 3
v 8 2
v 9 2
v 10 2
v 11 3
v 12 2
v 13 0
v 14 0
v 15 2
v 16 2
v 17 2
v 18 0
e 0 1 0
e 0 4 0
e 1 2 0
e 1 15 0
e 2 3 0
e 2 6 0
e 3 4 0
e 3 5 0
e 4 7 0
e 7 8 0
e 7 12 0
e 8 9 0
e 8 15 0
e 9 10 0
e 10 11 0
e 10 14 0
e 11 12 0
e 12 13 0
e 15 16 0
e 16 17 0
e 17 18 0
ID 38
v 0 0
v 1 2
v 2 3
v 3 3
v 4 2
v 5 2
v 6 3
v 7 3
v 8 2
v 9 0
e 0 1 0
e 1 2 0
e 1 3 0
e 2 4 0
e 3 5 0
e 4 5 0
e 4 6 0
e 5 7 0
e 6 8 0
e 7 8 0
e 8 9 0
ID 39
v 0 2
v 1 2
v 2 2
v 3 2
v 4 2
v 5 2
v 6 2
v 7 2
v 8 2
v 9 2
v 10 2
v 11 2
v 12 2
v 13 1
v 14 1
v 15 2
v 16 2
v 17 2
v 18 2
v 19 2
v 20 2
v 21 2
v 22 2
v 23 2
v 24 2
v 25 2
v 26 2
v 27 2
e 0 1 0
e 0 2 0
e 1 3 0
e 1 4 0
e 2 5 0
e 2 6 0
e 3 7 0
e 4 8 0
e 5 9 0
e 6 10 0
e 7 11 0
e 8 11 0
e 9 12 0
e 10 12 0
e 11 13 0
e 13 14 0
e 14 15 0
e 15 16 0
e 15 17 0
e 16 18 0
e 17 19 0
e 18 20 0
e 19 20 0
e 20 21 0
e 21 22 0
e 22 23 0
e 22 24 0
e 23 25 0
e 24 26 0
e 25 27 0
e 26 27 0
ID 40
v 0 2
v 1 2
v 2 2
v 3 2
v 4 2
v 5 2
v 6 2
v 7 2
v 8 2
v 9 3
v 10 5
e 0 1 0
e 0 5 0
e 0 10 0
e 1 2 0
e 2 3 0
e 3 4 0
e 4 5 0
e 4 6 0
e 6 7 0
e 7 8 0
e 8 9 0
ID 41
v 0 2
v 1 2
v 2 2
v 3 2
v 4 2
v 5 2
v 6 2
v 7 0
v 8 2
v 9 2
v 10 2
v 11 2
v 12 0
v 13 2
v 14 2
v 15 2
v 16 0
v 17 0
v 18 2
v 19 2
v 20 0
v 21 2
v 22 2
v 23 0
v 24 2
e 0 1 0
e 0 4 0
e 0 17 0
e 1 2 0
e 2 3 0
e 2 7 0
e 3 4 0
e 3 6 0
e 4 5 0
e 4 18 0
e 5 11 0
e 6 8 0
e 6 9 0
e 7 19 0
e 9 10 0
e 10 11 0
e 10 12 0
e 11 14 0
e 12 13 0
e 13 14 0
e 13 16 0
e 14 15 0
e 17 22 0
e 19 20 0
e 19 21 0
e 22 23 0
e 22 24 0
ID 42
v 0 2
v 1 2
v 2 2
v 3 2
v 4 2
v 5 2
v 6 3
v 7 0
v 8 2
v 9 2
v 10 2
v 11 2
v 12 2
v 13 2
v 14 2
v 15 2
v 16 3
v 17 3
v 18 1
v 19 2
v 20 0
v 21 0
v 22 2
v 23 2
v 24 2
v 25 2
v 26 2
v 27 2
e 0 1 0
e 0 5 0
e 1 2 0
e 2 3 0
e 3 4 0
e 4 5 0
e 4 10 0
e 5 6 0
e 6 7 0
e 6 9 0
e 8 9 0
e 8 10 0
e 8 11 0
e 9 14 0
e 10 15 0
e 11 12 0
e 12 13 0
e 13 14 0
e 15 16 0
e 16 17 0
e 17 18 0
e 18 19 0
e 18 20 0
e 18 21 0
e 19 22 0
e 19 26 0
e 22 23 0
e 23 24 0
e 24 25 0
e 24 27 0
e 25 26 0
ID 43
v 0 2
v 1 2
v 2 2
v 3 2
v 4 2
v 5 2
v 6 0
v 7 2
v 8 2
v 9 2
v 10 2
v 11 1
v 12 2
v 13 2
v 14 2
v 15 2
v 16 2
v 17 2
v 18 1
v 19 2
v 20 2
v 21 2
v 22 2
v 23 2
v 24 2
v 25 2
v 26 7
v 27 2
v 28 2
v 29 2
e 0 1 0
e 0 4 0
e 1 25 0
e 2 3 0
e 2 25 0
e 3 4 0
e 3 9 0
e 4 5 0
e 4 6 0
e 5 7 0
e 5 8 0
e 6 26 0
e 9 10 0
e 10 11 0
e 10 18 0
e 11 12 0
e 12 13 0
e 12 17 0
e 13 14 0
e 14 15 0
e 15 16 0
e 16 17 0
e 18 19 0
e 19 20 0
e 19 24 0
e 20 21 0
e 21 22 0
e 22 23 0
e 23 24 0
e 26 27 0
e 26 28 0
e 26 29 0
ID 44
v 0 13
v 1 3
v 2 0
v 3 2
v 4 2
v 5 2
v 6 2
v 7 2
v 8 2
v 9 2
v 10 2
v 11 0
v 12 2
v 13 2
v 14 2
v 15 2
v 16 0
v 17 0
v 18 2
v 19 2
v 20 2
v 21 2
v 22 2
v 23 2
v 24 2
v 25 0
v 26 0
e 0 1 0
e 1 9 0
e 1 23 0
e 2 3 0
e 3 4 0
e 3 8 0
e 4 5 0
e 5 6 0
e 6 7 0
e 6 14 0
e 7 8 0
e 7 11 0
e 8 9 0
e 9 10 0
e 11 12 0
e 12 13 0
e 12 16 0
e 13 14 0
e 14 15 0
e 18 19 0
e 18 23 0
e 19 20 0
e 20 21 0
e 21 22 0
e 22 23 0
e 22 24 0
e 24 25 0
e 24 26 0
ID 45
v 0 2
v 1 2
v 2 2
v 3 2
v 4 0
v 5 2
v 6 2
v 7 2
v 8 2
v 9 2
v 10 0
v 11 2
v 12 0
v 13 0
v 14 2
v 15 3
v 16 2
v 17 0
v 18 2
v 19 2
v 20 1
v 21 2
e 0 1 0
e 0 5 0
e 0 6 0
e 1 2 0
e 2 3 0
e 3 4 0
e 3 10 0
e 4 5 0
e 5 9 0
e 6 7 0
e 7 8 0
e 8 9 0
e 8 17 0
e 9 16 0
e 11 12 0
e 11 13 0
e 11 14 0
e 14 15 0
e 14 18 0
e 15 16 0
e 18 19 0
e 19 20 0
e 20 21 0
ID 46
v 0 0
v 1 2
v 2 2
v 3 2
v 4 2
v 5 0
v 6 2
v 7 0
v 8 2
v 9 0
v 10 2
v 11 2
v 12 0
v 13 2
v 14 2
v 15 2
v 16 2
v 17 2
v 18 2
v 19 2
v 20 0
v 21 2
v 22 2
v 23 2
v 24 0
v 25 2
v 26 0
v 27 0
v 28 2
v 29 0
v 30 2
v 31 2
v 32 0
v 33 0
v 34 2
v 35 0
v 36 0
v 37 2
v 38 2
v 39 0
v 40 2
v 41 2
v 42 0
e 0 1 0
e 0 2 0
e 1 3 0
e 1 4 0
e 2 5 0
e 2 6 0
e 3 7 0
e 3 8 0
e 4 9 0
e 4 10 0
e 5 11 0
e 6 12 0
e 6 13 0
e 7 14 0
e 8 15 0
e 8 16 0
e 10 14 0
e 10 17 0
e 11 18 0
e 11 19 0
e 13 19 0
e 13 20 0
e 14 21 0
e 15 22 0
e 16 23 0
e 17 24 0
e 17 25 0
e 18 26 0
e 19 27 0
e 21 28 0
e 22 29 0
e 22 30 0
e 23 30 0
e 25 28 0
e 26 31 0
e 28 32 0
e 30 33 0
e 31 34 0
e 31 35 0
e 34 36 0
e 34 37 0
e 35 38 0
e 37 39 0
e 37 40 0
e 38 40 0
e 38 41 0
e 40 42 0
ID 47
v 0 2
v 1 2
v 2 2
v 3 0
v 4 2
v 5 3
v 6 2
v 7 3
v 8 2
v 9 2
v 10 2
v 11 3
v 12 2
v 13 3
v 14 2
v 15 0
v 16 0
v 17 0
v 18 2
v 19 2
v 20 0
v 21 0
v 22 3
v 23 2
v 24 2
e 0 1 0
e 0 4 0
e 0 16 0
e 1 2 0
e 1 15 0
e 2 3 0
e 2 11 0
e 3 4 0
e 4 14 0
e 5 6 0
e 5 8 0
e 6 7 0
e 7 10 0
e 8 9 0
e 8 21 0
e 9 10 0
e 9 13 0
e 10 11 0
e 11 12 0
e 12 13 0
e 12 19 0
e 14 17 0
e 18 19 0
e 18 20 0
e 18 22 0
e 22 23 0
e 23 24 0
ID 48
v 0 2
v 1 2
v 2 2
v 3 2
v 4 2
v 5 2
v 6 3
v 7 2
v 8 3
v 9 2
v 10 2
v 11 2
v 12 2
v 13 0
v 14 2
v 15 0
v 16 0
v 17 2
v 18 0
v 19 0
v 20 2
v 21 2
e 0 1 0
e 0 5 0
e 1 2 0
e 2 3 0
e 3 4 0
e 4 5 0
e 4 8 0
e 5 6 0
e 6 7 0
e 7 8 0
e 7 9 0
e 8 12 0
e 9 10 0
e 9 17 0
e 10 11 0
e 11 12 0
e 11 14 0
e 12 13 0
e 14 15 0
e 14 16 0
e 17 18 0
e 17 19 0
e 19 20 0
e 20 21 0
ID 49
v 0 2
v 1 2
v 2 2
v 3 2
v 4 2
v 5 2
v 6 2
v 7 3
v 8 2
v 9 2
v 10 3
v 11 2
v 12 2
v 13 2
v 14 0
e 0 1 0
e 0 2 0
e 1 3 0
e 2 4 0
e 2 5 0
e 3 6 0
e 3 7 0
e 4 8 0
e 5 9 0
e 6 10 0
e 7 11 0
e 8 12 0
e 9 12 0
e 10 13 0
e 11 13 0
e 12 14 0
ID 50
v 0 2
v 1 2
v 2 2
v 3 2
v 4 2
v 5 2
v 6 2
v 7 2
v 8 2
v 9 2
v 10 2
v 11 2
v 12 3
v 13 2
v 14 3
v 15 3
v 16 2
v 17 2
v 18 3
v 19 3
v 20 2
v 21 2
v 22 4
e 0 1 0
e 0 5 0
e 1 2 0
e 1 16 0
e 2 3 0
e 3 4 0
e 4 5 0
e 6 7 0
e 6 11 0
e 6 12 0
e 7 8 0
e 8 9 0
e 9 10 0
e 9 22 0
e 10 11 0
e 11 16 0
e 12 13 0
e 13 14 0
e 13 18 0
e 14 15 0
e 14 17 0
e 15 16 0
e 18 19 0
e 19 20 0
e 20 21 0
ID 51
v 0 2
v 1 2
v 2 0
v 3 2
v 4 2
v 5 2
v 6 2
v 7 3
v 8 2
v 9 2
v 10 0
v 11 0
v 12 3
v 13 2
v 14 2
v 15 2
v 16 0
v 17 2
v 18 0
v 19 2
v 20 0
v 21 2
v 22 0
v 23 2
v 24 2
v 25 0
v 26 0
v 27 2
e 0 1 0
e 0 2 0
e 0 13 0
e 1 4 0
e 1 14 0
e 2 3 0
e 3 4 0
e 3 7 0
e 4 16 0
e 5 6 0
e 5 9 0
e 5 15 0
e 6 7 0
e 7 8 0
e 8 10 0
e 8 12 0
e 9 11 0
e 9 12 0
e 13 20 0
e 14 24 0
e 16 17 0
e 17 18 0
e 17 19 0
e 20 21 0
e 21 22 0
e 21 23 0
e 24 25 0
e 24 26 0
e 26 27 0
ID 52
v 0 2
v 1 2
v 2 2
v 3 2
v 4 2
v 5 2
v 6 2
v 7 2
v 8 2
v 9 3
v 10 2
v 11 2
v 12 2
v 13 2
v 14 1
v 15 2
v 16 2
v 17 2
v 18 2
v 19 2
v 20 2
v 21 3
v 22 4
v 23 0
v 24 2
e 0 1 0
e 0 5 0
e 0 22 0
e 1 2 0
e 2 3 0
e 3 4 0
e 3 6 0
e 4 5 0
e 4 9 0
e 6 7 0
e 6 14 0
e 7 8 0
e 7 10 0
e 8 9 0
e 8 13 0
e 10 11 0
e 11 12 0
e 11 23 0
e 12 13 0
e 14 15 0
e 15 16 0
e 15 20 0
e 16 17 0
e 17 18 0
e 18 19 0
e 18 21 0
e 19 20 0
e 23 24 0
ID 53
v 0 2
v 1 2
v 2 0
v 3 2
v 4 2
v 5 2
v 6 0
v 7 2
v 8 2
v 9 0
v 10 2
v 11 0
v 12 2
v 13 2
v 14 2
v 15 2
v 16 2
v 17 0
v 18 0
v 19 2
v 20 0
v 21 2
v 22 2
v 23 2
v 24 2
v 25 3
v 26 3
e 0 1 0
e 0 3 0
e 0 25 0
e 1 2 0
e 1 26 0
e 3 12 0
e 4 5 0
e 4 7 0
e 4 8 0
e 4 26 0
e 5 6 0
e 5 9 0
e 7 8 0
e 9 10 0
e 11 12 0
e 11 13 0
e 12 17 0
e 13 14 0
e 13 15 0
e 13 16 0
e 18 19 0
e 18 21 0
e 19 20 0
e 19 25 0
e 21 22 0
e 21 23 0
e 21 24 0
ID 54
v 0 2
v 1 2
v 2 2
v 3 2
v 4 2
v 5 2
v 6 2
v 7 2
v 8 12
v 9 2
v 10 3
v 11 2
v 12 3
e 0 1 0
e 0 5 0
e 1 2 0
e 2 3 0
e 2 8 0
e 3 4 0
e 4 5 0
e 5 6 0
e 6 7 0
e 7 9 0
e 7 11 0
e 9 10 0
e 11 12 0
ID 55
v 0 3
v 1 2
v 2 2
v 3 2
v 4 2
v 5 3
v 6 2
v 7 2
v 8 2
v 9 3
e 0 1 0
e 1 2 0
e 1 3 0
e 2 4 0
e 2 5 0
e 3 6 0
e 4 7 0
e 4 8 0
e 5 9 0
e 6 7 0
e 8 9 0
ID 56
v 0 2
v 1 2
v 2 2
v 3 2
v 4 2
v 5 2
v 6 2
v 7 0
v 8 3
v 9 26
v 10 2
v 11 2
v 12 2
v 13 2
v 14 2
v 15 2
v 16 9
e 0 1 0
e 0 5 0
e 1 2 0
e 2 3 0
e 3 4 0
e 4 5 0
e 4 9 0
e 5 6 0
e 6 7 0
e 6 8 0
e 8 9 0
e 8 10 0
e 10 11 0
e 10 15 0
e 11 12 0
e 12 13 0
e 13 14 0
e 13 16 0
e 14 15 0
ID 57
v 0 2
v 1 3
v 2 2
v 3 2
v 4 2
v 5 2
v 6 0
v 7 2
v 8 3
v 9 2
v 10 2
v 11 2
v 12 2
v 13 2
v 14 2
v 15 0
v 16 0
v 17 0
v 18 2
v 19 2
e 0 1 0
e 1 2 0
e 1 3 0
e 2 4 0
e 2 5 0
e 3 6 0
e 3 7 0
e 4 8 0
e 4 9 0
e 5 10 0
e 7 8 0
e 7 11 0
e 9 12 0
e 10 12 0
e 11 13 0
e 13 14 0
e 13 15 0
e 14 16 0
e 14 17 0
e 16 18 0
e 18 19 0
ID 58
v 0 2
v 1 2
v 2 2
v 3 0
v 4 0
v 5 2
v 6 2
v 7 2
v 8 2
v 9 2
e 0 1 0
e 0 2 0
e 1 3 0
e 1 4 0
e 2 5 0
e 2 6 0
e 5 7 0
e 6 8 0
e 7 9 0
e 8 9 0
ID 59
v 0 3
v 1 2
v 2 3
v 3 2
v 4 2
v 5 2
v 6 2
v 7 11
v 8 0
v 9 0
v 10 2
v 11 2
v 12 0
v 13 2
v 14 2
v 15 2
v 16 2
v 17 3
e 0 1 0
e 0 4 0
e 1 2 0
e 2 3 0
e 2 15 0
e 3 4 0
e 4 5 0
e 5 6 0
e 6 7 0
e 6 16 0
e 7 8 0
e 7 9 0
e 7 12 0
e 9 10 0
e 10 11 0
e 12 13 0
e 13 14 0
e 16 17 0
ID 60
v 0 2
v 1 2
v 2 2
v 3 2
v 4 2
v 5 2
v 6 2
v 7 2
v 8 2
v 9 2
v 10 3
v 11 3
v 12 0
v 13 1
v 14 0
v 15 0
v 16 0
v 17 0
v 18 2
v 19 0
v 20 2
v 21 2
v 22 1
v 23 0
v 24 0
v 25 1
v 26 0
v 27 0
e 0 1 0
e 0 5 0
e 1 2 0
e 2 3 0
e 3 4 0
e 3 6 0
e 4 5 0
e 4 9 0
e 6 7 0
e 6 13 0
e 7 8 0
e 8 9 0
e 8 12 0
e 9 10 0
e 10 11 0
e 11 18 0
e 13 14 0
e 13 15 0
e 13 16 0
e 17 21 0
e 17 22 0
e 18 22 0
e 18 25 0
e 19 20 0
e 19 25 0
e 20 21 0
e 22 23 0
e 22 24 0
e 25 26 0
e 25 27 0
ID 61
v 0 2
v 1 2
v 2 2
v 3 2
v 4 2
v 5 2
v 6 3
v 7 2
v 8 0
v 9 2
v 10 2
v 11 2
v 12 0
v 13 2
v 14 3
v 15 2
v 16 2
v 17 2
v 18 2
v 19 2
v 20 2
v 21 2
v 22 2
e 0 1 0
e 0 5 0
e 1 2 0
e 2 3 0
e 3 4 0
e 3 6 0
e 4 5 0
e 6 7 0
e 6 11 0
e 7 8 0
e 7 9 0
e 9 10 0
e 9 13 0
e 10 11 0
e 10 15 0
e 11 12 0
e 13 14 0
e 14 15 0
e 14 16 0
e 16 20 0
e 17 18 0
e 17 22 0
e 18 19 0
e 19 20 0
e 20 21 0
e 21 22 0
ID 62
v 0 2
v 1 2
v 2 2
v 3 2
v 4 2
v 5 2
v 6 3
v 7 3
v 8 2
v 9 0
v 10 0
v 11 2
v 12 2
v 13 2
v 14 2
v 15 2
v 16 0
v 17 0
v 18 3
e 0 1 0
e 0 5 0
e 1 2 0
e 1 6 0
e 2 3 0
e 2 7 0
e 3 4 0
e 4 5 0
e 5 18 0
e 6 8 0
e 6 9 0
e 7 8 0
e 7 10 0
e 8 11 0
e 8 15 0
e 11 12 0
e 12 13 0
e 13 14 0
e 14 15 0
e 16 18 0
e 17 18 0
ID 63
v 0 2
v 1 2
v 2 2
v 3 2
v 4 2
v 5 2
v 6 2
v 7 2
v 8 2
v 9 2
v 10 0
v 11 1
v 12 3
v 13 3
v 14 3
v 15 2
e 0 11 0
e 0 12 0
e 0 14 0
e 1 2 0
e 1 13 0
e 1 14 0
e 2 3 0
e 2 4 0
e 3 10 0
e 3 12 0
e 4 5 0
e 4 9 0
e 5 6 0
e 6 7 0
e 6 15 0
e 7 8 0
e 8 9 0
e 9 13 0
ID 64
v 0 2
v 1 2
v 2 3
v 3 0
v 4 2
v 5 2
v 6 2
v 7 1
v 8 1
v 9 3
v 10 2
v 11 2
v 12 2
v 13 2
v 14 0
e 0 1 0
e 0 2 0
e 1 3 0
e 2 4 0
e 3 5 0
e 4 5 0
e 6 7 0
e 6 8 0
e 6 9 0
e 9 10 0
e 9 11 0
e 10 12 0
e 11 13 0
e 12 14 0
e 13 14 0
ID 65
v 0 3
v 1 2
v 2 2
v 3 2
v 4 2
v 5 2
v 6 2
v 7 2
v 8 2
v 9 0
v 10 0
v 11 2
v 12 0
v 13 2
v 14 2
e 0 1 0
e 0 5 0
e 0 14 0
e 1 2 0
e 1 6 0
e 2 3 0
e 2 8 0
e 3 4 0
e 4 5 0
e 4 10 0
e 5 9 0
e 6 7 0
e 7 8 0
e 10 11 0
e 11 12 0
e 11 13 0
ID 66
v 0 3
v 1 2
v 2 2
v 3 11
v 4 0
v 5 3
v 6 0
v 7 2
v 8 2
v 9 2
v 10 2
v 11 2
e 0 1 0
e 0 2 0
e 0 3 0
e 3 4 0
e 3 5 0
e 3 6 0
e 5 7 0
e 6 8 0
e 7 9 0
e 8 9 0
e 9 10 0
e 9 11 0
ID 67
v 0 2
v 1 2
v 2 2
v 3 2
v 4 2
v 5 2
v 6 1
v 7 0
v 8 0
v 9 3
v 10 2
v 11 2
v 12 2
v 13 2
v 14 2
v 15 2
v 16 2
v 17 2
v 18 0
v 19 0
v 20 0
v 21 2
e 0 1 0
e 0 5 0
e 1 2 0
e 2 3 0
e 3 4 0
e 4 5 0
e 5 6 0
e 6 7 0
e 6 8 0
e 6 9 0
e 9 10 0
e 9 16 0
e 10 11 0
e 10 15 0
e 11 12 0
e 12 13 0
e 13 14 0
e 13 20 0
e 14 15 0
e 16 17 0
e 17 18 0
e 17 19 0
e 20 21 0
ID 68
v 0 2
v 1 2
v 2 1
v 3 2
v 4 1
v 5 1
v 6 1
v 7 2
v 8 2
v 9 0
v 10 3
v 11 2
v 12 2
v 13 2
v 14 2
v 15 2
v 16 2
v 17 2
e 0 1 0
e 0 4 0
e 0 6 0
e 1 2 0
e 1 8 0
e 2 3 0
e 3 4 0
e 3 5 0
e 6 7 0
e 8 9 0
e 8 10 0
e 10 11 0
e 10 12 0
e 12 13 0
e 12 17 0
e 13 14 0
e 14 15 0
e 15 16 0
e 16 17 0
ID 69
v 0 12
v 1 2
v 2 2
v 3 2
v 4 2
v 5 2
v 6 2
v 7 2
v 8 2
v 9 2
v 10 3
v 11 3
v 12 2
v 13 2
v 14 2
v 15 0
v 16 3
v 17 2
v 18 2
v 19 2
v 20 2
v 21 2
v 22 2
v 23 2
v 24 2
v 25 2
v 26 2
v 27 2
v 28 2
v 29 2
v 30 2
e 0 1 0
e 1 2 0
e 1 6 0
e 2 3 0
e 3 4 0
e 4 5 0
e 4 7 0
e 5 6 0
e 7 8 0
e 7 11 0
e 8 9 0
e 9 10 0
e 9 12 0
e 10 11 0
e 12 13 0
e 13 14 0
e 14 15 0
e 14 16 0
e 16 17 0
e 16 24 0
e 17 18 0
e 18 19 0
e 18 23 0
e 19 20 0
e 20 21 0
e 21 22 0
e 22 23 0
e 24 25 0
e 25 26 0
e 25 30 0
e 26 27 0
e 27 28 0
e 28 29 0
e 29 30 0
ID 70
v 0 2
v 1 2
v 2 2
v 3 7
v 4 2
v 5 2
v 6 2
v 7 2
v 8 0
v 9 2
v 10 0
v 11 2
v 12 2
v 13 2
v 14 2
v 15 2
v 16 2
v 17 2
v 18 2
e 0 1 0
e 1 2 0
e 2 3 0
e 2 4 0
e 3 16 0
e 3 17 0
e 3 18 0
e 4 5 0
e 5 6 0
e 6 7 0
e 6 8 0
e 8 9 0
e 9 10 0
e 9 13 0
e 10 11 0
e 11 12 0
e 13 14 0
e 14 15 0
ID 71
v 0 2
v 1 2
v 2 2
v 3 2
v 4 2
v 5 2
v 6 2
v 7 3
v 8 2
v 9 2
v 10 3
v 11 2
v 12 2
v 13 1
v 14 2
v 15 2
v 16 2
v 17 2
v 18 2
v 19 2
v 20 2
v 21 2
v 22 0
v 23 0
v 24 2
v 25 2
e 0 1 0
e 0 5 0
e 1 2 0
e 2 3 0
e 3 4 0
e 3 6 0
e 4 5 0
e 4 9 0
e 6 7 0
e 6 10 0
e 7 8 0
e 7 12 0
e 8 9 0
e 10 11 0
e 11 12 0
e 11 13 0
e 12 21 0
e 13 14 0
e 14 15 0
e 15 16 0
e 15 20 0
e 16 17 0
e 17 18 0
e 18 19 0
e 19 20 0
e 21 22 0
e 21 23 0
e 23 24 0
e 24 25 0
ID 72
v 0 2
v 1 2
v 2 2
v 3 2
v 4 2
v 5 2
v 6 2
v 7 2
v 8 2
v 9 2
v 10 2
v 11 2
v 12 2
v 13 2
v 14 2
v 15 2
v 16 2
v 17 2
v 18 2
v 19 2
v 20 2
v 21 2
v 22 2
v 23 2
v 24 2
v 25 2
v 26 2
v 27 2
v 28 2
v 29 2
v 30 2
v 31 2
v 32 2
v 33 2
v 34 2
v 35 2
v 36 2
v 37 2
v 38 2
v 39 2
v 40 2
v 41 2
v 42 2
v 43 4
v 44 4
v 45 31
v 46 2
v 47 0
v 48 0
v 49 2
v 50 0
v 51 0
v 52 0
v 53 2
v 54 0
v 55 2
v 56 2
v 57 2
v 58 2
v 59 0
v 60 2
v 61 0
v 62 2
v 63 2
v 64 2
v 65 2
e 0 1 0
e 0 5 0
e 1 2 0
e 1 27 0
e 2 3 0
e 3 4 0
e 3 6 0
e 4 5 0
e 4 9 0
e 4 26 0
e 6 7 0
e 7 8 0
e 8 9 0
e 8 10 0
e 9 13 0
e 10 11 0
e 10 14 0
e 11 12 0
e 11 16 0
e 11 25 0
e 12 13 0
e 14 15 0
e 15 16 0
e 16 17 0
e 17 18 0
e 17 19 0
e 18 20 0
e 20 21 0
e 21 22 0
e 22 23 0
e 22 24 0
e 27 28 0
e 28 29 0
e 29 30 0
e 30 31 0
e 30 37 0
e 31 32 0
e 31 36 0
e 32 33 0
e 33 34 0
e 33 46 0
e 34 35 0
e 34 59 0
e 35 36 0
e 35 43 0
e 37 38 0
e 37 42 0
e 38 39 0
e 39 40 0
e 39 44 0
e 40 41 0
e 40 52 0
e 41 42 0
e 41 49 0
e 46 47 0
e 46 48 0
e 49 50 0
e 49 51 0
e 52 53 0
e 53 54 0
e 53 55 0
e 55 56 0
e 56 57 0
e 57 58 0
e 59 60 0
e 60 61 0
e 60 62 0
e 62 63 0
e 63 64 0
e 64 65 0
ID 73
v 0 2
v 1 2
v 2 2
v 3 2
v 4 2
v 5 2
v 6 2
v 7 2
v 8 2
v 9 3
v 10 2
v 11 2
v 12 2
v 13 2
v 14 3
v 15 2
v 16 0
v 17 3
v 18 2
v 19 2
v 20 2
v 21 2
v 22 2
v 23 2
v 24 1
v 25 0
v 26 0
v 27 3
v 28 2
v 29 3
v 30 2
v 31 2
v 32 2
v 33 3
v 34 2
v 35 2
v 36 2
v 37 2
v 38 2
v 39 2
v 40 2
v 41 2
v 42 1
v 43 0
v 44 0
v 45 3
v 46 2
v 47 3
v 48 2
v 49 2
v 50 2
v 51 3
v 52 2
v 53 2
v 54 4
e 0 1 0
e 0 2 0
e 1 5 0
e 2 3 0
e 2 6 0
e 3 4 0
e 3 9 0
e 4 5 0
e 5 54 0
e 6 7 0
e 6 14 0
e 7 8 0
e 7 13 0
e 8 9 0
e 8 10 0
e 10 11 0
e 10 15 0
e 11 12 0
e 12 13 0
e 14 23 0
e 15 16 0
e 15 17 0
e 17 41 0
e 18 19 0
e 18 23 0
e 19 20 0
e 20 21 0
e 20 24 0
e 21 22 0
e 22 23 0
e 24 25 0
e 24 26 0
e 24 27 0
e 27 28 0
e 28 29 0
e 28 33 0
e 29 30 0
e 30 31 0
e 30 34 0
e 31 32 0
e 32 33 0
e 32 35 0
e 36 37 0
e 36 41 0
e 37 38 0
e 38 39 0
e 38 42 0
e 39 40 0
e 40 41 0
e 42 43 0
e 42 44 0
e 42 45 0
e 45 46 0
e 46 47 0
e 46 51 0
e 47 48 0
e 48 49 0
e 48 52 0
e 49 50 0
e 50 51 0
e 50 53 0
ID 74
v 0 0
v 1 2
v 2 2
v 3 2
v 4 2
v 5 2
v 6 2
v 7 2
v 8 2
v 9 2
v 10 2
v 11 2
v 12 3
v 13 3
v 14 0
v 15 2
v 16 0
v 17 2
v 18 0
v 19 0
v 20 0
v 21 2
v 22 2
v 23 2
v 24 0
v 25 2
v 26 0
v 27 2
v 28 2
v 29 2
v 30 2
v 31 2
v 32 2
v 33 2
v 34 2
v 35 2
v 36 0
v 37 0
v 38 2
v 39 2
v 40 2
v 41 0
v 42 2
v 43 2
v 44 2
v 45 2
v 46 2
v 47 2
v 48 2
v 49 0
v 50 2
v 51 0
v 52 2
v 53 2
v 54 2
v 55 2
v 56 2
v 57 2
v 58 0
v 59 0
e 0 1 0
e 1 2 0
e 1 3 0
e 2 4 0
e 2 5 0
e 3 6 0
e 3 7 0
e 4 8 0
e 4 9 0
e 5 10 0
e 5 11 0
e 6 12 0
e 7 10 0
e 7 13 0
e 8 14 0
e 8 15 0
e 9 16 0
e 9 17 0
e 10 18 0
e 11 15 0
e 11 19 0
e 12 20 0
e 13 21 0
e 14 17 0
e 15 22 0
e 17 23 0
e 17 24 0
e 20 25 0
e 21 26 0
e 21 27 0
e 24 28 0
e 25 29 0
e 25 30 0
e 27 31 0
e 27 32 0
e 28 33 0
e 29 34 0
e 29 35 0
e 30 36 0
e 30 37 0
e 32 38 0
e 33 39 0
e 38 40 0
e 39 41 0
e 39 42 0
e 40 43 0
e 41 44 0
e 42 45 0
e 42 46 0
e 43 47 0
e 43 48 0
e 46 49 0
e 46 50 0
e 48 51 0
e 48 52 0
e 49 53 0
e 50 54 0
e 50 55 0
e 52 55 0
e 52 56 0
e 53 57 0
e 53 58 0
e 55 59 0
ID 75
v 0 2
v 1 2
v 2 2
v 3 2
v 4 2
v 5 3
v 6 2
v 7 2
v 8 2
v 9 2
v 10 2
v 11 3
v 12 2
v 13 2
v 14 2
v 15 3
v 16 2
v 17 2
v 18 2
v 19 2
e 0 1 0
e 0 9 0
e 1 2 0
e 2 3 0
e 3 4 0
e 4 5 0
e 4 9 0
e 5 6 0
e 6 7 0
e 6 13 0
e 7 8 0
e 7 10 0
e 8 9 0
e 10 11 0
e 11 12 0
e 11 14 0
e 12 13 0
e 14 15 0
e 15 16 0
e 16 17 0
e 16 18 0
e 16 19 0
ID 76
v 0 2
v 1 2
v 2 2
v 3 3
v 4 0
v 5 0
v 6 2
v 7 2
v 8 2
v 9 2
v 10 2
v 11 1
v 12 2
v 13 0
v 14 2
v 15 2
v 16 1
v 17 3
v 18 2
v 19 2
v 20 2
v 21 2
v 22 2
v 23 2
v 24 2
v 25 2
v 26 2
v 27 2
v 28 3
v 29 1
v 30 2
v 31 0
v 32 2
v 33 2
v 34 2
v 35 2
v 36 0
v 37 2
v 38 2
v 39 2
v 40 2
v 41 2
v 42 2
v 43 2
v 44 2
v 45 2
v 46 2
e 0 1 0
e 0 2 0
e 0 3 0
e 1 4 0
e 1 5 0
e 2 6 0
e 2 7 0
e 3 8 0
e 3 9 0
e 4 10 0
e 8 11 0
e 8 12 0
e 9 12 0
e 9 13 0
e 10 14 0
e 10 15 0
e 11 16 0
e 12 17 0
e 14 18 0
e 14 19 0
e 15 20 0
e 15 21 0
e 16 22 0
e 17 23 0
e 18 24 0
e 19 25 0
e 20 26 0
e 21 27 0
e 22 28 0
e 22 29 0
e 23 30 0
e 23 31 0
e 24 32 0
e 25 32 0
e 26 33 0
e 27 33 0
e 28 34 0
e 29 35 0
e 30 36 0
e 34 35 0
e 34 37 0
e 35 38 0
e 36 39 0
e 37 40 0
e 38 41 0
e 39 42 0
e 39 43 0
e 40 41 0
e 42 44 0
e 43 45 0
e 44 46 0
e 45 46 0
ID 77
v 0 3
v 1 2
v 2 2
v 3 2
v 4 3
v 5 2
v 6 2
v 7 2
v 8 0
v 9 0
v 10 2
v 11 3
v 12 2
v 13 2
v 14 2
v 15 2
v 16 2
v 17 2
v 18 2
v 19 2
v 20 2
v 21 2
v 22 2
v 23 2
v 24 2
e 0 1 0
e 0 2 0
e 1 4 0
e 2 3 0
e 2 5 0
e 3 4 0
e 5 6 0
e 6 7 0
e 6 11 0
e 7 8 0
e 7 9 0
e 9 10 0
e 11 12 0
e 12 13 0
e 12 21 0
e 13 14 0
e 13 18 0
e 14 15 0
e 15 16 0
e 16 17 0
e 17 18 0
e 19 20 0
e 19 24 0
e 20 21 0
e 21 22 0
e 22 23 0
e 23 24 0
ID 78
v 0 3
v 1 2
v 2 2
v 3 2
v 4 2
v 5 2
v 6 2
v 7 2
v 8 2
v 9 0
v 10 2
v 11 3
v 12 2
v 13 2
v 14 2
v 15 2
v 16 2
v 17 2
v 18 2
v 19 4
e 0 1 0
e 0 2 0
e 0 18 0
e 1 16 0
e 2 3 0
e 3 4 0
e 3 8 0
e 4 5 0
e 5 6 0
e 6 7 0
e 7 8 0
e 7 10 0
e 8 9 0
e 10 11 0
e 11 12 0
e 11 15 0
e 12 13 0
e 13 14 0
e 14 15 0
e 16 17 0
e 17 18 0
ID 79
v 0 2
v 1 2
v 2 2
v 3 2
v 4 2
v 5 2
v 6 2
v 7 2
v 8 2
v 9 2
v 10 2
v 11 2
v 12 0
v 13 0
v 14 2
v 15 2
v 16 2
v 17 2
v 18 2
v 19 2
v 20 2
v 21 0
e 0 1 0
e 0 4 0
e 0 13 0
e 1 2 0
e 2 3 0
e 3 5 0
e 3 6 0
e 4 5 0
e 4 14 0
e 5 9 0
e 6 7 0
e 7 8 0
e 8 9 0
e 10 11 0
e 10 14 0
e 11 12 0
e 11 15 0
e 15 16 0
e 15 20 0
e 16 17 0
e 17 18 0
e 17 21 0
e 18 19 0
e 19 20 0
ID 80
v 0 2
v 1 2
v 2 2
v 3 2
v 4 2
v 5 2
v 6 3
v 7 2
v 8 2
v 9 3
v 10 0
v 11 3
v 12 2
v 13 1
v 14 3
v 15 2
v 16 2
v 17 2
v 18 2
v 19 2
e 0 1 0
e 0 5 0
e 1 2 0
e 2 3 0
e 3 4 0
e 4 5 0
e 4 8 0
e 5 6 0
e 6 7 0
e 7 8 0
e 7 10 0
e 8 9 0
e 9 11 0
e 11 12 0
e 12 13 0
e 12 14 0
e 14 15 0
e 14 16 0
e 15 19 0
e 16 17 0
e 17 18 0
e 18 19 0
ID 81
v 0 2
v 1 2
v 2 2
v 3 2
v 4 2
v 5 2
v 6 2
v 7 2
v 8 2
v 9 4
v 10 4
v 11 3
v 12 2
v 13 0
v 14 2
v 15 0
v 16 2
v 17 2
v 18 0
v 19 2
v 20 2
v 21 2
v 22 3
v 23 2
v 24 2
v 25 2
v 26 2
v 27 2
v 28 2
v 29 2
v 30 2
v 31 2
v 32 2
v 33 0
v 34 0
e 0 1 0
e 0 2 0
e 1 21 0
e 2 20 0
e 3 4 0
e 3 8 0
e 3 9 0
e 4 5 0
e 5 6 0
e 5 11 0
e 6 7 0
e 7 8 0
e 8 10 0
e 11 12 0
e 12 13 0
e 12 14 0
e 14 15 0
e 14 16 0
e 16 17 0
e 17 18 0
e 17 19 0
e 19 20 0
e 19 21 0
e 21 22 0
e 22 23 0
e 23 24 0
e 23 28 0
e 24 25 0
e 24 29 0
e 25 26 0
e 25 32 0
e 26 27 0
e 26 34 0
e 27 28 0
e 27 33 0
e 29 30 0
e 30 31 0
e 31 32 0
ID 82
v 0 1
v 1 2
v 2 3
v 3 1
v 4 2
v 5 2
e 0 1 0
e 1 2 0
e 1 3 0
e 2 4 0
e 3 5 0
e 4 5 0
ID 83
v 0 2
v 1 2
v 2 2
v 3 2
v 4 2
v 5 2
v 6 2
v 7 2
v 8 2
v 9 2
v 10 2
v 11 2
v 12 2
v 13 4
v 14 2
v 15 0
v 16 0
v 17 2
v 18 2
v 19 2
v 20 2
v 21 2
v 22 4
v 23 0
v 24 2
v 25 2
v 26 0
v 27 2
v 28 2
v 29 0
v 30 2
v 31 2
v 32 2
v 33 0
e 0 1 0
e 0 5 0
e 0 16 0
e 1 2 0
e 1 13 0
e 2 3 0
e 3 4 0
e 3 6 0
e 4 5 0
e 5 14 0
e 6 7 0
e 6 18 0
e 7 8 0
e 7 12 0
e 8 9 0
e 9 10 0
e 9 22 0
e 10 11 0
e 10 23 0
e 11 12 0
e 11 32 0
e 14 15 0
e 16 17 0
e 18 19 0
e 19 20 0
e 20 21 0
e 21 30 0
e 23 24 0
e 25 30 0
e 25 31 0
e 26 27 0
e 26 30 0
e 27 28 0
e 28 29 0
e 29 30 0
e 32 33 0
ID 84
v 0 3
v 1 2
v 2 3
v 3 2
v 4 3
v 5 2
v 6 2
v 7 2
v 8 3
v 9 2
v 10 2
v 11 2
v 12 2
v 13 2
e 0 1 0
e 1 2 0
e 2 3 0
e 3 4 0
e 3 8 0
e 4 5 0
e 5 6 0
e 6 7 0
e 7 9 0
e 8 10 0
e 10 11 0
e 11 12 0
e 12 13 0
ID 85
v 0 2
v 1 2
v 2 2
v 3 2
v 4 2
v 5 2
v 6 2
v 7 0
v 8 2
v 9 0
v 10 2
v 11 2
v 12 2
v 13 2
v 14 0
v 15 0
v 16 0
v 17 2
v 18 0
v 19 2
v 20 2
v 21 2
v 22 2
v 23 2
v 24 2
v 25 2
v 26 2
v 27 2
v 28 0
v 29 2
v 30 3
v 31 2
v 32 0
v 33 2
v 34 0
v 35 2
v 36 0
v 37 2
v 38 0
e 0 1 0
e 0 2 0
e 1 3 0
e 2 6 0
e 2 28 0
e 3 4 0
e 3 23 0
e 4 5 0
e 4 19 0
e 5 6 0
e 6 7 0
e 8 9 0
e 8 13 0
e 8 38 0
e 9 10 0
e 10 11 0
e 10 17 0
e 11 12 0
e 11 16 0
e 12 13 0
e 12 15 0
e 13 14 0
e 17 18 0
e 19 20 0
e 19 30 0
e 20 21 0
e 21 22 0
e 22 23 0
e 22 24 0
e 23 27 0
e 24 25 0
e 25 26 0
e 25 38 0
e 26 27 0
e 26 36 0
e 27 34 0
e 28 29 0
e 30 31 0
e 31 32 0
e 31 33 0
e 34 35 0
e 36 37 0
ID 86
v 0 2
v 1 2
v 2 2
v 3 2
v 4 2
v 5 2
v 6 2
v 7 2
v 8 2
v 9 2
v 10 2
v 11 2
v 12 2
v 13 2
v 14 2
v 15 2
v 16 2
v 17 2
v 18 3
v 19 3
v 20 2
v 21 0
v 22 2
v 23 0
v 24 4
e 0 1 0
e 0 5 0
e 0 6 0
e 1 2 0
e 2 3 0
e 2 9 0
e 3 4 0
e 4 5 0
e 4 8 0
e 6 7 0
e 7 8 0
e 7 9 0
e 7 19 0
e 10 11 0
e 10 13 0
e 11 12 0
e 11 24 0
e 12 15 0
e 13 14 0
e 13 16 0
e 14 15 0
e 14 18 0
e 16 17 0
e 16 22 0
e 17 18 0
e 19 20 0
e 20 21 0
e 20 22 0
e 22 23 0
ID 87
v 0 3
v 1 2
v 2 3
v 3 2
v 4 2
v 5 2
v 6 2
v 7 2
v 8 0
v 9 2
v 10 3
v 11 2
v 12 2
v 13 2
v 14 2
v 15 2
v 16 3
v 17 2
v 18 2
v 19 2
v 20 3
v 21 2
v 22 2
v 23 3
v 24 2
v 25 3
v 26 2
v 27 0
v 28 0
v 29 2
v 30 0
v 31 2
v 32 36
v 33 2
v 34 2
v 35 2
v 36 2
v 37 2
v 38 2
v 39 2
v 40 2
v 41 2
v 42 2
v 43 2
v 44 2
v 45 2
v 46 2
v 47 2
v 48 2
v 49 2
v 50 2
v 51 2
v 52 2
v 53 2
v 54 2
v 55 2
v 56 2
v 57 2
v 58 2
v 59 2
v 60 2
v 61 2
v 62 2
v 63 2
v 64 2
v 65 2
v 66 2
v 67 2
v 68 2
v 69 2
v 70 2
v 71 3
v 72 2
v 73 2
e 0 1 0
e 0 4 0
e 1 2 0
e 2 3 0
e 2 33 0
e 3 4 0
e 4 5 0
e 5 6 0
e 6 7 0
e 6 10 0
e 7 8 0
e 7 28 0
e 9 10 0
e 9 11 0
e 11 12 0
e 11 16 0
e 12 13 0
e 13 14 0
e 13 71 0
e 14 15 0
e 15 16 0
e 15 17 0
e 17 25 0
e 18 19 0
e 18 25 0
e 18 26 0
e 19 21 0
e 20 21 0
e 20 24 0
e 21 22 0
e 22 23 0
e 23 24 0
e 23 52 0
e 26 27 0
e 26 30 0
e 28 29 0
e 30 31 0
e 33 34 0
e 33 40 0
e 33 46 0
e 34 35 0
e 34 39 0
e 35 36 0
e 36 37 0
e 37 38 0
e 38 39 0
e 40 41 0
e 40 45 0
e 41 42 0
e 42 43 0
e 43 44 0
e 44 45 0
e 46 47 0
e 46 51 0
e 47 48 0
e 48 49 0
e 49 50 0
e 50 51 0
e 52 53 0
e 52 59 0
e 52 65 0
e 53 54 0
e 53 58 0
e 54 55 0
e 55 56 0
e 56 57 0
e 57 58 0
e 59 60 0
e 59 64 0
e 60 61 0
e 61 62 0
e 62 63 0
e 63 64 0
e 65 66 0
e 65 70 0
e 66 67 0
e 67 68 0
e 68 69 0
e 69 70 0
e 71 72 0
e 71 73 0
ID 88
v 0 0
v 1 2
v 2 2
v 3 2
v 4 2
v 5 2
v 6 2
v 7 2
v 8 0
v 9 2
v 10 2
v 11 2
v 12 2
v 13 2
v 14 2
v 15 0
v 16 2
e 0 1 0
e 1 2 0
e 1 3 0
e 2 4 0
e 2 5 0
e 3 6 0
e 3 7 0
e 4 8 0
e 4 9 0
e 5 10 0
e 6 8 0
e 6 11 0
e 7 12 0
e 9 13 0
e 10 13 0
e 11 14 0
e 12 14 0
e 13 15 0
e 15 16 0
ID 89
v 0 0
v 1 0
v 2 0
v 3 0
v 4 3
v 5 2
v 6 2
v 7 2
v 8 2
v 9 4
v 10 2
v 11 4
v 12 3
v 13 2
v 14 23
v 15 2
v 16 2
v 17 0
v 18 0
v 19 34
e 0 15 0
e 1 15 0
e 2 16 0
e 3 16 0
e 4 5 0
e 4 6 0
e 4 7 0
e 5 10 0
e 6 13 0
e 7 8 0
e 8 9 0
e 10 11 0
e 12 13 0
e 15 17 0
e 16 18 0
ID 90
v 0 2
v 1 3
v 2 2
v 3 2
v 4 2
v 5 2
v 6 2
v 7 2
v 8 2
v 9 1
v 10 27
v 11 2
v 12 2
v 13 1
v 14 3
e 0 4 0
e 0 6 0
e 1 2 0
e 1 6 0
e 1 7 0
e 2 3 0
e 3 5 0
e 4 14 0
e 5 14 0
e 7 8 0
e 8 9 0
e 11 12 0
e 11 14 0
e 12 13 0
ID 91
v 0 2
v 1 2
v 2 2
v 3 2
v 4 2
v 5 2
v 6 3
v 7 2
v 8 3
v 9 2
v 10 2
v 11 2
v 12 3
v 13 2
v 14 2
v 15 2
v 16 2
v 17 2
v 18 3
e 0 1 0
e 0 5 0
e 1 2 0
e 2 3 0
e 2 6 0
e 3 4 0
e 3 8 0
e 4 5 0
e 6 7 0
e 7 9 0
e 7 10 0
e 8 9 0
e 9 12 0
e 10 11 0
e 10 17 0
e 11 12 0
e 11 13 0
e 12 15 0
e 13 14 0
e 14 16 0
e 15 16 0
e 17 18 0
ID 92
v 0 2
v 1 2
v 2 2
v 3 3
v 4 0
v 5 3
v 6 2
v 7 2
v 8 2
v 9 3
v 10 4
e 0 1 0
e 0 3 0
e 1 2 0
e 2 5 0
e 4 5 0
e 4 6 0
e 6 7 0
e 7 8 0
e 8 9 0
ID 93
v 0 3
v 1 2
v 2 2
v 3 2
v 4 2
v 5 2
v 6 2
v 7 2
v 8 0
v 9 2
v 10 2
v 11 3
v 12 2
v 13 2
v 14 2
v 15 0
v 16 2
v 17 2
v 18 0
v 19 0
v 20 0
e 0 1 0
e 0 19 0
e 0 20 0
e 1 2 0
e 1 6 0
e 2 3 0
e 3 4 0
e 4 5 0
e 4 11 0
e 5 6 0
e 5 7 0
e 7 8 0
e 7 9 0
e 9 10 0
e 9 17 0
e 10 11 0
e 10 13 0
e 11 12 0
e 13 14 0
e 14 15 0
e 14 16 0
e 16 17 0
e 17 18 0
ID 94
v 0 2
v 1 2
v 2 2
v 3 0
v 4 0
v 5 2
v 6 3
v 7 3
v 8 2
v 9 2
v 10 2
v 11 2
v 12 2
v 13 2
v 14 1
v 15 0
v 16 0
v 17 3
v 18 2
v 19 3
v 20 2
v 21 2
v 22 2
v 23 2
v 24 2
v 25 0
v 26 0
v 27 0
v 28 0
v 29 0
e 0 3 0
e 0 6 0
e 0 7 0
e 1 2 0
e 1 5 0
e 1 7 0
e 2 4 0
e 2 6 0
e 5 8 0
e 8 9 0
e 8 13 0
e 9 10 0
e 10 11 0
e 11 12 0
e 11 14 0
e 12 13 0
e 14 15 0
e 14 16 0
e 14 19 0
e 17 18 0
e 17 19 0
e 18 20 0
e 20 21 0
e 20 26 0
e 21 22 0
e 21 25 0
e 22 23 0
e 22 29 0
e 23 24 0
e 23 27 0
e 24 28 0
ID 95
v 0 2
v 1 2
v 2 2
v 3 2
v 4 2
v 5 2
v 6 2
v 7 1
v 8 2
v 9 2
v 10 2
v 11 1
v 12 3
v 13 2
v 14 2
v 15 2
v 16 2
v 17 0
v 18 0
v 19 0
v 20 2
v 21 2
v 22 2
v 23 2
v 24 2
v 25 2
v 26 2
v 27 2
v 28 2
v 29 2
e 0 1 0
e 0 5 0
e 1 2 0
e 2 3 0
e 3 4 0
e 3 12 0
e 4 5 0
e 4 6 0
e 6 7 0
e 6 11 0
e 7 8 0
e 8 9 0
e 9 10 0
e 10 11 0
e 12 16 0
e 12 23 0
e 13 14 0
e 13 16 0
e 13 19 0
e 14 15 0
e 14 17 0
e 15 16 0
e 15 18 0
e 18 20 0
e 20 21 0
e 20 22 0
e 23 24 0
e 24 25 0
e 24 29 0
e 25 26 0
e 26 27 0
e 27 28 0
e 28 29 0
ID 96
v 0 3
v 1 2
v 2 2
v 3 2
v 4 2
v 5 2
v 6 2
v 7 2
v 8 2
v 9 2
v 10 2
v 11 2
v 12 2
v 13 2
v 14 2
v 15 2
v 16 2
v 17 2
v 18 2
v 19 2
v 20 2
v 21 2
v 22 2
v 23 2
v 24 2
v 25 2
v 26 2
v 27 2
e 0 6 0
e 0 8 0
e 0 21 0
e 1 2 0
e 1 6 0
e 1 7 0
e 2 3 0
e 3 4 0
e 4 5 0
e 5 6 0
e 7 8 0
e 8 9 0
e 9 10 0
e 9 14 0
e 10 11 0
e 11 12 0
e 12 13 0
e 12 15 0
e 13 14 0
e 15 16 0
e 15 20 0
e 16 17 0
e 17 18 0
e 18 19 0
e 19 20 0
e 21 22 0
e 22 23 0
e 22 27 0
e 23 24 0
e 24 25 0
e 25 26 0
e 26 27 0
ID 97
v 0 0
v 1 2
v 2 2
v 3 2
v 4 2
v 5 2
v 6 2
v 7 3
v 8 2
v 9 2
v 10 2
v 11 2
v 12 3
v 13 2
v 14 2
v 15 2
v 16 0
v 17 2
v 18 2
e 0 1 0
e 1 2 0
e 1 3 0
e 2 4 0
e 3 5 0
e 4 6 0
e 4 7 0
e 5 7 0
e 6 8 0
e 6 9 0
e 7 10 0
e 8 11 0
e 9 12 0
e 10 11 0
e 11 13 0
e 12 13 0
e 12 14 0
e 13 15 0
e 14 16 0
e 14 17 0
e 15 18 0
e 17 18 0
ID 98
v 0 3
v 1 11
v 2 2
v 3 0
v 4 3
v 5 3
v 6 2
v 7 2
v 8 2
v 9 2
v 10 2
v 11 2
v 12 2
v 13 2
v 14 2
e 0 1 0
e 0 2 0
e 1 3 0
e 1 4 0
e 1 5 0
e 2 6 0
e 2 7 0
e 4 8 0
e 5 9 0
e 6 10 0
e 7 11 0
e 8 12 0
e 9 12 0
e 10 13 0
e 10 14 0
e 11 14 0
ID 99
v 0 2
v 1 2
v 2 2
v 3 1
v 4 2
v 5 2
v 6 0
v 7 2
v 8 0
v 9 3
v 10 2
v 11 2
v 12 1
e 0 1 0
e 0 2 0
e 1 3 0
e 1 4 0
e 2 5 0
e 2 6 0
e 3 7 0
e 4 8 0
e 4 9 0
e 5 10 0
e 6 11 0
e 7 9 0
e 7 12 0
e 10 11 0
